//0
//<Encoding>UTF-8</Encoding>
//File updated on 12/21/2020 16:28
//!! ADJUSTED DATA FILE !!
//WMO ID: 5903753
//Univ. of Washington ID: 7597
//MBARI ID: 7597HAWAII
//No missing float profiles
//Missing Float data detected for adjusted station(s): 2 
//
//FLOAT VARIABLES:
//Variable	Sensor	Serial number	Comment
//Pressure[dbar]	Sbe41cp	3042	
//Temperature[°C]	Sbe41cp	3042	
//Salinity[pss]	Sbe41cp	3042	
//Sigma_theta[kg/m^3]			Potential density at the sea surface
//Depth[m]			Depth calculated from pressure and latitude
//Oxygen[µmol/kg]	Aanderaa 4330	142	
//OxygenSat[%]			Calculation assumes atmospheric pressure= 1013.25 mbar
//Nitrate[µmol/kg]	ISUS		
//Chl_a[mg/m^3]			
//Chl_a_corr[mg/m^3]			
//b_bp700[1/m]			
//b_bp_corr[1/m]			
//POC[mmol/m^3]			
//
//QUALITY CONTROLLED DATA CORRECTIONS:
//Measurement	Station	Gain	Offset	Drift
//Oxygen	1	1.1224	0.0000	0.0000
//Nitrate	1	1.0000	0.0000	0.0000
//
//Missing data value = -1e10
//Data quality flags: 0=Good, 4=Questionable, 8=Bad, 1=Missing or not inspected 
//Note: all timestamps are in GMT. 
Cruise	Station	Type	mon/day/yr	hh:mm	Lon [°E]	Lat [°N]	QF	Pressure[dbar]	QF	Temperature[°C]	QF	Salinity[pss]	QF	Sigma_theta[kg/m^3]	QF	Depth[m]	QF	Oxygen[µmol/kg]	QF	OxygenSat[%]	QF	Nitrate[µmol/kg]	QF	Chl_a[mg/m^3]	QF	Chl_a_corr[mg/m^3]	QF	b_bp700[1/m]	QF	b_bp_corr[1/m]	QF	POC[mmol/m^3]	QF
5903753	1	C	05/23/2012	21:43	201.940	22.671	0	901.33	0	4.3703	0	34.4284	0	27.300	0	893.734	0	41.37	0	13.2	0	41.45	0	-1E+10	1	-1E+10	1	-1E+10	1	-1E+10	1	-1E+10	1
5903753	1	C	05/23/2012	21:43	201.940	22.671	0	851.45	0	4.6292	0	34.4262	0	27.270	0	844.375	0	40.63	0	13.0	0	41.23	0	-1E+10	1	-1E+10	1	-1E+10	1	-1E+10	1	-1E+10	1
5903753	1	C	05/23/2012	21:43	201.940	22.671	0	801.60	0	4.6672	0	34.3755	0	27.225	0	795.034	0	34.65	0	11.1	0	41.58	0	-1E+10	1	-1E+10	1	-1E+10	1	-1E+10	1	-1E+10	1
5903753	1	C	05/23/2012	21:43	201.940	22.671	0	751.61	0	5.0995	0	34.3130	0	27.126	0	745.543	0	36.51	0	11.8	0	40.54	0	-1E+10	1	-1E+10	1	-1E+10	1	-1E+10	1	-1E+10	1
5903753	1	C	05/23/2012	21:43	201.940	22.671	0	701.50	0	5.1317	0	34.2259	0	27.053	0	695.921	0	33.68	0	10.9	0	40.51	0	-1E+10	1	-1E+10	1	-1E+10	1	-1E+10	1	-1E+10	1
5903753	1	C	05/23/2012	21:43	201.940	22.671	0	651.43	0	5.4034	0	34.1529	0	26.963	0	646.327	0	43.68	0	14.3	0	38.38	0	-1E+10	1	-1E+10	1	-1E+10	1	-1E+10	1	-1E+10	1
5903753	1	C	05/23/2012	21:43	201.940	22.671	0	599.96	0	5.8294	0	34.0875	0	26.859	0	595.334	0	60.62	0	20.0	0	36.12	0	-1E+10	1	-1E+10	1	-1E+10	1	-1E+10	1	-1E+10	1
5903753	1	C	05/23/2012	21:43	201.940	22.671	0	550.41	0	6.6927	0	34.1011	0	26.759	0	546.231	0	77.34	0	26.0	0	32.91	0	-1E+10	1	-1E+10	1	-1E+10	1	-1E+10	1	-1E+10	1
5903753	1	C	05/23/2012	21:43	201.940	22.671	0	501.42	0	7.4745	0	34.0903	0	26.643	0	497.671	0	96.17	0	32.9	0	29.44	0	-1E+10	1	-1E+10	1	-1E+10	1	-1E+10	1	-1E+10	1
5903753	1	C	05/23/2012	21:43	201.940	22.671	0	450.94	0	8.5573	0	34.1165	0	26.503	0	447.623	0	118.75	0	41.6	0	25.15	0	-1E+10	1	-1E+10	1	-1E+10	1	-1E+10	1	-1E+10	1
5903753	1	C	05/23/2012	21:43	201.940	22.671	0	401.63	0	10.0448	0	34.1649	0	26.301	0	398.723	0	136.97	0	49.6	0	20.35	0	-1E+10	1	-1E+10	1	-1E+10	1	-1E+10	1	-1E+10	1
5903753	1	C	05/23/2012	21:43	201.940	22.671	0	381.52	0	10.4768	0	34.1621	0	26.224	0	378.777	0	147.88	0	54.1	0	17.84	0	-1E+10	1	-1E+10	1	-1E+10	1	-1E+10	1	-1E+10	1
5903753	1	C	05/23/2012	21:43	201.940	22.671	0	360.59	0	10.9129	0	34.1700	0	26.153	0	358.016	0	155.92	0	57.6	0	16.01	0	-1E+10	1	-1E+10	1	-1E+10	1	-1E+10	1	-1E+10	1
5903753	1	C	05/23/2012	21:43	201.940	22.671	0	350.66	0	11.1408	0	34.1727	0	26.114	0	348.165	0	160.93	0	59.7	0	15.70	0	-1E+10	1	-1E+10	1	-1E+10	1	-1E+10	1	-1E+10	1
5903753	1	C	05/23/2012	21:43	201.940	22.671	0	341.57	0	11.2986	0	34.1773	0	26.089	0	339.147	0	161.53	0	60.1	0	15.38	0	-1E+10	1	-1E+10	1	-1E+10	1	-1E+10	1	-1E+10	1
5903753	1	C	05/23/2012	21:43	201.940	22.671	0	331.55	0	11.7422	0	34.1854	0	26.013	0	329.206	0	159.46	0	59.9	0	14.44	0	-1E+10	1	-1E+10	1	-1E+10	1	-1E+10	1	-1E+10	1
5903753	1	C	05/23/2012	21:43	201.940	22.671	0	321.52	0	12.2598	0	34.2020	0	25.928	0	319.255	0	164.18	0	62.3	0	11.90	0	-1E+10	1	-1E+10	1	-1E+10	1	-1E+10	1	-1E+10	1
5903753	1	C	05/23/2012	21:43	201.940	22.671	0	311.47	0	12.9559	0	34.2494	0	25.829	0	309.283	0	177.32	0	68.3	0	9.96	0	-1E+10	1	-1E+10	1	-1E+10	1	-1E+10	1	-1E+10	1
5903753	1	C	05/23/2012	21:43	201.940	22.671	0	301.34	0	13.3963	0	34.2891	0	25.771	0	299.231	0	186.04	0	72.4	0	7.96	0	-1E+10	1	-1E+10	1	-1E+10	1	-1E+10	1	-1E+10	1
5903753	1	C	05/23/2012	21:43	201.940	22.671	0	288.38	0	13.9556	0	34.3328	0	25.690	0	286.371	0	195.57	0	76.9	0	6.19	0	-1E+10	1	-1E+10	1	-1E+10	1	-1E+10	1	-1E+10	1
5903753	1	C	05/23/2012	21:43	201.940	22.671	0	281.21	0	14.1665	0	34.3549	0	25.663	0	279.256	0	198.38	0	78.4	0	5.91	0	-1E+10	1	-1E+10	1	-1E+10	1	-1E+10	1	-1E+10	1
5903753	1	C	05/23/2012	21:43	201.940	22.671	0	270.84	0	14.7288	0	34.4089	0	25.585	0	268.965	0	197.09	0	78.8	0	5.10	0	-1E+10	1	-1E+10	1	-1E+10	1	-1E+10	1	-1E+10	1
5903753	1	C	05/23/2012	21:43	201.940	22.671	0	261.09	0	15.1640	0	34.4530	0	25.524	0	259.288	0	196.01	0	79.1	0	4.69	0	-1E+10	1	-1E+10	1	-1E+10	1	-1E+10	1	-1E+10	1
5903753	1	C	05/23/2012	21:43	201.940	22.671	0	251.08	0	15.6596	0	34.4991	0	25.449	0	249.353	0	195.45	0	79.6	0	4.24	0	-1E+10	1	-1E+10	1	-1E+10	1	-1E+10	1	-1E+10	1
5903753	1	C	05/23/2012	21:43	201.940	22.671	0	241.52	0	16.0809	0	34.5376	0	25.383	0	239.865	0	194.80	0	80.0	0	3.79	0	-1E+10	1	-1E+10	1	-1E+10	1	-1E+10	1	-1E+10	1
5903753	1	C	05/23/2012	21:43	201.940	22.671	0	231.49	0	16.6407	0	34.6107	0	25.310	0	229.909	0	191.74	0	79.7	0	4.36	0	-1E+10	1	-1E+10	1	-1E+10	1	-1E+10	1	-1E+10	1
5903753	1	C	05/23/2012	21:43	201.940	22.671	0	221.50	0	17.1922	0	34.6811	0	25.233	0	219.992	0	185.90	0	78.1	0	3.76	0	-1E+10	1	-1E+10	1	-1E+10	1	-1E+10	1	-1E+10	1
5903753	1	C	05/23/2012	21:43	201.940	22.671	0	211.22	0	17.6257	0	34.7157	0	25.155	0	209.788	0	183.74	0	77.8	0	3.73	0	-1E+10	1	-1E+10	1	-1E+10	1	-1E+10	1	-1E+10	1
5903753	1	C	05/23/2012	21:43	201.940	22.671	0	201.06	0	18.1899	0	34.7782	0	25.065	0	199.701	0	180.60	0	77.3	0	3.17	0	-1E+10	1	-1E+10	1	-1E+10	1	-1E+10	1	-1E+10	1
5903753	1	C	05/23/2012	21:43	201.940	22.671	0	190.91	0	18.5739	0	34.8294	0	25.008	0	189.625	0	181.75	0	78.4	0	3.38	0	-1E+10	1	-1E+10	1	-1E+10	1	-1E+10	1	-1E+10	1
5903753	1	C	05/23/2012	21:43	201.940	22.671	0	181.40	0	19.1800	0	34.9125	0	24.918	0	180.183	0	183.44	0	80.1	0	2.61	0	-1E+10	1	-1E+10	1	-1E+10	1	-1E+10	1	-1E+10	1
5903753	1	C	05/23/2012	21:43	201.940	22.671	0	171.60	0	19.6548	0	34.9665	0	24.836	0	170.453	0	183.89	0	81.0	0	2.13	0	-1E+10	1	-1E+10	1	-1E+10	1	-1E+10	1	-1E+10	1
5903753	1	C	05/23/2012	21:43	201.940	22.671	0	161.23	0	20.2880	0	35.0749	0	24.752	0	160.156	0	187.20	0	83.5	0	1.45	0	-1E+10	1	-1E+10	1	-1E+10	1	-1E+10	1	-1E+10	1
5903753	1	C	05/23/2012	21:43	201.940	22.671	0	151.49	0	20.7638	0	35.0984	0	24.642	0	150.484	0	188.87	0	85.0	0	1.55	0	-1E+10	1	-1E+10	1	-1E+10	1	-1E+10	1	-1E+10	1
5903753	1	C	05/23/2012	21:43	201.940	22.671	0	141.65	0	21.6222	0	35.2101	0	24.492	0	140.713	0	192.19	0	87.8	0	0.54	0	-1E+10	1	-1E+10	1	-1E+10	1	-1E+10	1	-1E+10	1
5903753	1	C	05/23/2012	21:43	201.940	22.671	0	131.50	0	22.0730	0	35.2632	0	24.406	0	130.633	0	198.02	0	91.2	0	-0.17	0	-1E+10	1	-1E+10	1	-1E+10	1	-1E+10	1	-1E+10	1
5903753	1	C	05/23/2012	21:43	201.940	22.671	0	121.49	0	22.5591	0	35.2312	0	24.244	0	120.692	0	201.26	0	93.5	0	-0.27	0	-1E+10	1	-1E+10	1	-1E+10	1	-1E+10	1	-1E+10	1
5903753	1	C	05/23/2012	21:43	201.940	22.671	0	111.59	0	22.9575	0	35.1890	0	24.097	0	110.860	0	210.68	0	98.5	0	-0.40	0	-1E+10	1	-1E+10	1	-1E+10	1	-1E+10	1	-1E+10	1
5903753	1	C	05/23/2012	21:43	201.940	22.671	0	101.28	0	23.2523	0	35.1602	0	23.990	0	100.620	0	212.97	0	100.1	0	-0.05	0	-1E+10	1	-1E+10	1	-1E+10	1	-1E+10	1	-1E+10	1
5903753	1	C	05/23/2012	21:43	201.940	22.671	0	96.16	0	23.3485	0	35.1563	0	23.959	0	95.534	0	213.54	0	100.5	0	-0.01	0	-1E+10	1	-1E+10	1	-1E+10	1	-1E+10	1	-1E+10	1
5903753	1	C	05/23/2012	21:43	201.940	22.671	0	90.96	0	23.4112	0	35.1529	0	23.937	0	90.369	0	213.80	0	100.8	0	-0.23	0	-1E+10	1	-1E+10	1	-1E+10	1	-1E+10	1	-1E+10	1
5903753	1	C	05/23/2012	21:43	201.940	22.671	0	86.63	0	23.4214	0	35.1439	0	23.927	0	86.068	0	214.12	0	100.9	0	-0.28	0	-1E+10	1	-1E+10	1	-1E+10	1	-1E+10	1	-1E+10	1
5903753	1	C	05/23/2012	21:43	201.940	22.671	0	81.49	0	23.4443	0	35.1400	0	23.917	0	80.963	0	214.63	0	101.2	0	0.13	0	-1E+10	1	-1E+10	1	-1E+10	1	-1E+10	1	-1E+10	1
5903753	1	C	05/23/2012	21:43	201.940	22.671	0	76.62	0	23.4792	0	35.1340	0	23.902	0	76.125	0	214.82	0	101.3	0	-0.11	0	-1E+10	1	-1E+10	1	-1E+10	1	-1E+10	1	-1E+10	1
5903753	1	C	05/23/2012	21:43	201.940	22.671	0	71.35	0	23.5370	0	35.1311	0	23.883	0	70.890	0	215.03	0	101.5	0	-0.17	0	-1E+10	1	-1E+10	1	-1E+10	1	-1E+10	1	-1E+10	1
5903753	1	C	05/23/2012	21:43	201.940	22.671	0	66.72	0	23.6297	0	35.1298	0	23.855	0	66.291	0	215.04	0	101.7	0	-0.09	0	-1E+10	1	-1E+10	1	-1E+10	1	-1E+10	1	-1E+10	1
5903753	1	C	05/23/2012	21:43	201.940	22.671	0	61.27	0	23.7145	0	35.1417	0	23.838	0	60.877	0	215.10	0	101.9	0	0.07	0	-1E+10	1	-1E+10	1	-1E+10	1	-1E+10	1	-1E+10	1
5903753	1	C	05/23/2012	21:43	201.940	22.671	0	56.73	0	23.7504	0	35.1402	0	23.826	0	56.366	0	215.09	0	101.9	0	-0.13	0	-1E+10	1	-1E+10	1	-1E+10	1	-1E+10	1	-1E+10	1
5903753	1	C	05/23/2012	21:43	201.940	22.671	0	51.59	0	23.9481	0	35.1245	0	23.756	0	51.260	0	214.46	0	102.0	0	0.19	0	-1E+10	1	-1E+10	1	-1E+10	1	-1E+10	1	-1E+10	1
5903753	1	C	05/23/2012	21:43	201.940	22.671	0	46.60	0	24.2171	0	35.1281	0	23.678	0	46.302	0	213.27	0	101.9	0	0.08	0	-1E+10	1	-1E+10	1	-1E+10	1	-1E+10	1	-1E+10	1
5903753	1	C	05/23/2012	21:43	201.940	22.671	0	41.59	0	24.2873	0	35.1317	0	23.660	0	41.325	0	212.71	0	101.7	0	0.01	0	-1E+10	1	-1E+10	1	-1E+10	1	-1E+10	1	-1E+10	1
5903753	1	C	05/23/2012	21:43	201.940	22.671	0	36.88	0	24.3498	0	35.1359	0	23.644	0	36.645	0	212.25	0	101.6	0	0.13	0	-1E+10	1	-1E+10	1	-1E+10	1	-1E+10	1	-1E+10	1
5903753	1	C	05/23/2012	21:43	201.940	22.671	0	31.59	0	24.3501	0	35.1358	0	23.644	0	31.389	0	212.38	0	101.7	0	-0.07	0	-1E+10	1	-1E+10	1	-1E+10	1	-1E+10	1	-1E+10	1
5903753	1	C	05/23/2012	21:43	201.940	22.671	0	26.60	0	24.3471	0	35.1349	0	23.644	0	26.431	0	212.23	0	101.6	0	0.02	0	-1E+10	1	-1E+10	1	-1E+10	1	-1E+10	1	-1E+10	1
5903753	1	C	05/23/2012	21:43	201.940	22.671	0	21.67	0	24.3475	0	35.1352	0	23.643	0	21.533	0	212.28	0	101.6	0	0.01	0	-1E+10	1	-1E+10	1	-1E+10	1	-1E+10	1	-1E+10	1
5903753	1	C	05/23/2012	21:43	201.940	22.671	0	16.48	0	24.3624	0	35.1332	0	23.637	0	16.376	0	212.36	0	101.7	0	-0.15	0	-1E+10	1	-1E+10	1	-1E+10	1	-1E+10	1	-1E+10	1
5903753	1	C	05/23/2012	21:43	201.940	22.671	0	11.76	0	24.3685	0	35.1341	0	23.636	0	11.686	0	212.19	0	101.6	0	0.25	0	-1E+10	1	-1E+10	1	-1E+10	1	-1E+10	1	-1E+10	1
5903753	1	C	05/23/2012	21:43	201.940	22.671	0	7.53	0	24.3682	0	35.1335	0	23.635	0	7.483	0	212.12	0	101.6	0	-0.00	0	-1E+10	1	-1E+10	1	-1E+10	1	-1E+10	1	-1E+10	1
5903753	1	C	05/23/2012	21:43	201.940	22.671	0																										
5903753	2	C	05/24/2012	23:00	201.904	22.588	0	855.15	0	4.6700	0	34.4000	0	27.245	0	848.042	0	39.89	0	12.8	0	71.37	8	-1E+10	1	-1E+10	1	-1E+10	1	-1E+10	1	-1E+10	1
5903753	2	C	05/24/2012	23:00	201.904	22.588	0	845.74	0	4.6808	0	34.4146	0	27.255	0	838.729	0	39.62	0	12.7	0	72.31	8	-1E+10	1	-1E+10	1	-1E+10	1	-1E+10	1	-1E+10	1
5903753	2	C	05/24/2012	23:00	201.904	22.588	0	801.15	0	4.7915	0	34.3849	0	27.219	0	794.593	0	38.40	0	12.4	0	61.56	8	-1E+10	1	-1E+10	1	-1E+10	1	-1E+10	1	-1E+10	1
5903753	2	C	05/24/2012	23:00	201.904	22.588	0	746.42	0	5.0897	0	34.3216	0	27.134	0	740.408	0	36.59	0	11.9	0	-1e10	1	-1E+10	1	-1E+10	1	-1E+10	1	-1E+10	1	-1E+10	1
5903753	2	C	05/24/2012	23:00	201.904	22.588	0	696.53	0	5.2214	0	34.2481	0	27.060	0	691.002	0	36.10	0	11.7	0	-1e10	1	-1E+10	1	-1E+10	1	-1E+10	1	-1E+10	1	-1E+10	1
5903753	2	C	05/24/2012	23:00	201.904	22.588	0	649.83	0	5.5122	0	34.2007	0	26.988	0	644.745	0	43.24	0	14.2	0	-1e10	1	-1E+10	1	-1E+10	1	-1E+10	1	-1E+10	1	-1E+10	1
5903753	2	C	05/24/2012	23:00	201.904	22.588	0	600.56	0	5.9022	0	34.1053	0	26.865	0	595.931	0	59.43	0	19.6	0	-1e10	1	-1E+10	1	-1E+10	1	-1E+10	1	-1E+10	1	-1E+10	1
5903753	2	C	05/24/2012	23:00	201.904	22.588	0	545.46	0	6.6642	0	34.0774	0	26.744	0	541.328	0	81.46	0	27.4	0	-1e10	1	-1E+10	1	-1E+10	1	-1E+10	1	-1E+10	1	-1E+10	1
5903753	2	C	05/24/2012	23:00	201.904	22.588	0	493.64	0	7.4080	0	34.0900	0	26.652	0	489.961	0	94.45	0	32.3	0	-1e10	1	-1E+10	1	-1E+10	1	-1E+10	1	-1E+10	1	-1E+10	1
5903753	2	C	05/24/2012	23:00	201.904	22.588	0	450.95	0	8.3863	0	34.1180	0	26.531	0	447.635	0	113.55	0	39.7	0	-1e10	1	-1E+10	1	-1E+10	1	-1E+10	1	-1E+10	1	-1E+10	1
5903753	2	C	05/24/2012	23:00	201.904	22.588	0	400.94	0	9.5144	0	34.0920	0	26.332	0	398.041	0	168.03	0	60.2	0	-1e10	1	-1E+10	1	-1E+10	1	-1E+10	1	-1E+10	1	-1E+10	1
5903753	2	C	05/24/2012	23:00	201.904	22.588	0	380.20	0	10.1293	0	34.1181	0	26.249	0	377.470	0	181.45	0	65.8	0	-1e10	1	-1E+10	1	-1E+10	1	-1E+10	1	-1E+10	1	-1E+10	1
5903753	2	C	05/24/2012	23:00	201.904	22.588	0	360.21	0	10.6494	0	34.1178	0	26.159	0	357.641	0	191.33	0	70.2	0	-1e10	1	-1E+10	1	-1E+10	1	-1E+10	1	-1E+10	1	-1E+10	1
5903753	2	C	05/24/2012	23:00	201.904	22.588	0	351.03	0	10.8746	0	34.1407	0	26.137	0	348.534	0	193.62	0	71.4	0	-1e10	1	-1E+10	1	-1E+10	1	-1E+10	1	-1E+10	1	-1E+10	1
5903753	2	C	05/24/2012	23:00	201.904	22.588	0	339.30	0	11.0076	0	34.1432	0	26.115	0	336.897	0	195.71	0	72.4	0	-1e10	1	-1E+10	1	-1E+10	1	-1E+10	1	-1E+10	1	-1E+10	1
5903753	2	C	05/24/2012	23:00	201.904	22.588	0	329.78	0	11.3944	0	34.1459	0	26.047	0	327.452	0	195.72	0	73.0	0	-1e10	1	-1E+10	1	-1E+10	1	-1E+10	1	-1E+10	1	-1E+10	1
5903753	2	C	05/24/2012	23:00	201.904	22.588	0	315.62	0	11.6946	0	34.1703	0	26.010	0	313.402	0	198.09	0	74.3	0	-1e10	1	-1E+10	1	-1E+10	1	-1E+10	1	-1E+10	1	-1E+10	1
5903753	2	C	05/24/2012	23:00	201.904	22.588	0	302.95	0	12.1708	0	34.1930	0	25.938	0	300.831	0	198.84	0	75.4	0	-1e10	1	-1E+10	1	-1E+10	1	-1E+10	1	-1E+10	1	-1E+10	1
5903753	2	C	05/24/2012	23:00	201.904	22.588	0	294.93	0	12.5358	0	34.2065	0	25.878	0	292.872	0	198.55	0	75.8	0	-1e10	1	-1E+10	1	-1E+10	1	-1E+10	1	-1E+10	1	-1E+10	1
5903753	2	C	05/24/2012	23:00	201.904	22.588	0	287.11	0	12.7386	0	34.2256	0	25.853	0	285.112	0	199.31	0	76.5	0	-1e10	1	-1E+10	1	-1E+10	1	-1E+10	1	-1E+10	1	-1E+10	1
5903753	2	C	05/24/2012	23:00	201.904	22.588	0	279.12	0	13.1370	0	34.2463	0	25.790	0	277.183	0	199.22	0	77.1	0	-1e10	1	-1E+10	1	-1E+10	1	-1E+10	1	-1E+10	1	-1E+10	1
5903753	2	C	05/24/2012	23:00	201.904	22.588	0	271.21	0	13.5203	0	34.2844	0	25.742	0	269.333	0	199.44	0	77.8	0	-1e10	1	-1E+10	1	-1E+10	1	-1E+10	1	-1E+10	1	-1E+10	1
5903753	2	C	05/24/2012	23:00	201.904	22.588	0	261.02	0	14.2458	0	34.3544	0	25.645	0	259.220	0	198.93	0	78.7	0	-1e10	1	-1E+10	1	-1E+10	1	-1E+10	1	-1E+10	1	-1E+10	1
5903753	2	C	05/24/2012	23:00	201.904	22.588	0	246.15	0	15.5369	0	34.4630	0	25.448	0	244.461	0	196.39	0	79.8	0	-1e10	1	-1E+10	1	-1E+10	1	-1E+10	1	-1E+10	1	-1E+10	1
5903753	2	C	05/24/2012	23:00	201.904	22.588	0	232.85	0	16.7342	0	34.6311	0	25.304	0	231.260	0	194.58	0	81.0	0	15.65	8	-1E+10	1	-1E+10	1	-1E+10	1	-1E+10	1	-1E+10	1
5903753	2	C	05/24/2012	23:00	201.904	22.588	0	224.54	0	16.9980	0	34.6787	0	25.278	0	223.011	0	196.38	0	82.2	0	-1e10	1	-1E+10	1	-1E+10	1	-1E+10	1	-1E+10	1	-1E+10	1
5903753	2	C	05/24/2012	23:00	201.904	22.588	0	216.93	0	17.5135	0	34.7517	0	25.210	0	215.457	0	195.50	0	82.7	0	-1e10	1	-1E+10	1	-1E+10	1	-1E+10	1	-1E+10	1	-1E+10	1
5903753	2	C	05/24/2012	23:00	201.904	22.588	0	208.93	0	17.7289	0	34.7834	0	25.182	0	207.515	0	195.71	0	83.1	0	-1e10	1	-1E+10	1	-1E+10	1	-1E+10	1	-1E+10	1	-1E+10	1
5903753	2	C	05/24/2012	23:00	201.904	22.588	0	200.95	0	18.2902	0	34.8397	0	25.087	0	199.593	0	193.78	0	83.2	0	-1e10	1	-1E+10	1	-1E+10	1	-1E+10	1	-1E+10	1	-1E+10	1
5903753	2	C	05/24/2012	23:00	201.904	22.588	0	190.73	0	18.8513	0	34.9105	0	25.000	0	189.447	0	190.28	0	82.6	0	-1e10	1	-1E+10	1	-1E+10	1	-1E+10	1	-1E+10	1	-1E+10	1
5903753	2	C	05/24/2012	23:00	201.904	22.588	0	176.30	0	19.6026	0	34.9823	0	24.862	0	175.120	0	189.78	0	83.5	0	-1e10	1	-1E+10	1	-1E+10	1	-1E+10	1	-1E+10	1	-1E+10	1
5903753	2	C	05/24/2012	23:00	201.904	22.588	0	163.99	0	20.3971	0	35.0588	0	24.711	0	162.897	0	187.22	0	83.6	0	-1e10	1	-1E+10	1	-1E+10	1	-1E+10	1	-1E+10	1	-1E+10	1
5903753	2	C	05/24/2012	23:00	201.904	22.588	0	156.23	0	20.7805	0	35.1132	0	24.649	0	155.192	0	189.58	0	85.3	0	-1e10	1	-1E+10	1	-1E+10	1	-1E+10	1	-1E+10	1	-1E+10	1
5903753	2	C	05/24/2012	23:00	201.904	22.588	0	148.66	0	21.1476	0	35.1566	0	24.582	0	147.675	0	191.51	0	86.8	0	-1e10	1	-1E+10	1	-1E+10	1	-1E+10	1	-1E+10	1	-1E+10	1
5903753	2	C	05/24/2012	23:00	201.904	22.588	0	141.09	0	21.7559	0	35.2133	0	24.457	0	140.158	0	192.53	0	88.2	0	-1e10	1	-1E+10	1	-1E+10	1	-1E+10	1	-1E+10	1	-1E+10	1
5903753	2	C	05/24/2012	23:00	201.904	22.588	0	129.24	0	22.1194	0	35.2322	0	24.369	0	128.390	0	196.95	0	90.8	0	-1e10	1	-1E+10	1	-1E+10	1	-1E+10	1	-1E+10	1	-1E+10	1
5903753	2	C	05/24/2012	23:00	201.904	22.588	0	113.09	0	22.5211	0	35.2352	0	24.257	0	112.350	0	204.51	0	95.0	0	-1e10	1	-1E+10	1	-1E+10	1	-1E+10	1	-1E+10	1	-1E+10	1
5903753	2	C	05/24/2012	23:00	201.904	22.588	0	100.66	0	22.9585	0	35.2508	0	24.143	0	100.005	0	208.47	0	97.5	0	-1e10	1	-1E+10	1	-1E+10	1	-1E+10	1	-1E+10	1	-1E+10	1
5903753	2	C	05/24/2012	23:00	201.904	22.588	0	92.72	0	23.2306	0	35.2314	0	24.050	0	92.118	0	210.84	0	99.1	0	-1e10	1	-1E+10	1	-1E+10	1	-1E+10	1	-1E+10	1	-1E+10	1
5903753	2	C	05/24/2012	23:00	201.904	22.588	0	84.99	0	23.2603	0	35.1626	0	23.988	0	84.440	0	212.13	0	99.7	0	-1e10	1	-1E+10	1	-1E+10	1	-1E+10	1	-1E+10	1	-1E+10	1
5903753	2	C	05/24/2012	23:00	201.904	22.588	0	77.38	0	23.3896	0	35.1489	0	23.940	0	76.881	0	213.05	0	100.4	0	-1e10	1	-1E+10	1	-1E+10	1	-1E+10	1	-1E+10	1	-1E+10	1
5903753	2	C	05/24/2012	23:00	201.904	22.588	0	69.98	0	23.5345	0	35.1418	0	23.892	0	69.530	0	213.94	0	101.0	0	-1e10	1	-1E+10	1	-1E+10	1	-1E+10	1	-1E+10	1	-1E+10	1
5903753	2	C	05/24/2012	23:00	201.904	22.588	0	62.77	0	23.6604	0	35.1599	0	23.868	0	62.367	0	213.97	0	101.3	0	-1e10	1	-1E+10	1	-1E+10	1	-1E+10	1	-1E+10	1	-1E+10	1
5903753	2	C	05/24/2012	23:00	201.904	22.588	0	49.44	0	24.1097	0	35.1359	0	23.717	0	49.124	0	212.76	0	101.5	0	-1e10	1	-1E+10	1	-1E+10	1	-1E+10	1	-1E+10	1	-1E+10	1
5903753	2	C	05/24/2012	23:00	201.904	22.588	0	38.45	0	24.2164	0	35.1406	0	23.688	0	38.205	0	212.29	0	101.4	0	-1e10	1	-1E+10	1	-1E+10	1	-1E+10	1	-1E+10	1	-1E+10	1
5903753	2	C	05/24/2012	23:00	201.904	22.588	0	31.29	0	24.2460	0	35.1413	0	23.679	0	31.092	0	212.17	0	101.4	0	-1e10	1	-1E+10	1	-1E+10	1	-1E+10	1	-1E+10	1	-1E+10	1
5903753	2	C	05/24/2012	23:00	201.904	22.588	0	24.26	0	24.2757	0	35.1423	0	23.670	0	24.107	0	212.13	0	101.4	0	-1e10	1	-1E+10	1	-1E+10	1	-1E+10	1	-1E+10	1	-1E+10	1
5903753	2	C	05/24/2012	23:00	201.904	22.588	0	17.75	0	24.2936	0	35.1432	0	23.665	0	17.638	0	212.04	0	101.4	0	-1e10	1	-1E+10	1	-1E+10	1	-1E+10	1	-1E+10	1	-1E+10	1
5903753	2	C	05/24/2012	23:00	201.904	22.588	0	11.25	0	24.3001	0	35.1430	0	23.663	0	11.179	0	212.02	0	101.4	0	-1e10	1	-1E+10	1	-1E+10	1	-1E+10	1	-1E+10	1	-1E+10	1
5903753	2	C	05/24/2012	23:00	201.904	22.588	0	5.89	0	24.3122	0	35.1435	0	23.659	0	5.853	0	212.06	0	101.5	0	-1e10	1	-1E+10	1	-1E+10	1	-1E+10	1	-1E+10	1	-1E+10	1
5903753	2	C	05/24/2012	23:00	201.904	22.588	0																										
