//0
//<Encoding>UTF-8</Encoding>
//File updated on 12/21/2020 16:28
//!! ADJUSTED DATA FILE !!
//WMO ID: 5903753
//Univ. of Washington ID: 7597
//MBARI ID: 7597HAWAII
//No missing float profiles
//Missing Float data detected for adjusted station(s): 2 
//
//FLOAT VARIABLES:
//Variable	Sensor	Serial number	Comment
//Pressure[dbar]	Sbe41cp	3042	
//Temperature[°C]	Sbe41cp	3042	
//Salinity[pss]	Sbe41cp	3042	
//Sigma_theta[kg/m^3]			Potential density at the sea surface
//Depth[m]			Depth calculated from pressure and latitude
//Oxygen[µmol/kg]	Aanderaa 4330	142	
//OxygenSat[%]			Calculation assumes atmospheric pressure= 1013.25 mbar
//Nitrate[µmol/kg]	ISUS		
//Chl_a[mg/m^3]			
//Chl_a_corr[mg/m^3]			
//b_bp700[1/m]			
//b_bp_corr[1/m]			
//POC[mmol/m^3]			
//
//QUALITY CONTROLLED DATA CORRECTIONS:
//Measurement	Station	Gain	Offset	Drift
//Oxygen	1	1.1224	0.0000	0.0000
//Nitrate	1	1.0000	0.0000	0.0000
//
//Missing data value = -1e10
//Data quality flags: 0=Good, 4=Questionable, 8=Bad, 1=Missing or not inspected 
//Note: all timestamps are in GMT. 
Cruise	Station	Type	mon/day/yr	hh:mm	Lon [°E]	Lat [°N]	QF	Pressure[dbar]	QF	Temperature[°C]	QF	Salinity[pss]	QF	Sigma_theta[kg/m^3]	QF	Depth[m]	QF	Oxygen[µmol/kg]	QF	OxygenSat[%]	QF	Nitrate[µmol/kg]	QF	Chl_a[mg/m^3]	QF	Chl_a_corr[mg/m^3]	QF	b_bp700[1/m]	QF	b_bp_corr[1/m]	QF	POC[mmol/m^3]	QF
5903753	1	C	05/23/2012	21:43	201.940	22.671	0	954.00	0	4.2540	0	34.4510	0	27.331	0	945.841	0	-1e10	1	-1e10	1	-1e10	1	-1E+10	1	-1E+10	1	-1E+10	1	-1E+10	1	-1E+10	1
5903753	1	C	05/23/2012	21:43	201.940	22.671	0	952.10	0	4.2550	0	34.4510	0	27.331	0	943.962	0	-1e10	1	-1e10	1	-1e10	1	-1E+10	1	-1E+10	1	-1E+10	1	-1E+10	1	-1E+10	1
5903753	1	C	05/23/2012	21:43	201.940	22.671	0	950.00	0	4.2540	0	34.4510	0	27.331	0	941.885	0	-1e10	1	-1e10	1	-1e10	1	-1E+10	1	-1E+10	1	-1E+10	1	-1E+10	1	-1E+10	1
5903753	1	C	05/23/2012	21:43	201.940	22.671	0	948.00	0	4.2550	0	34.4510	0	27.331	0	939.906	0	-1e10	1	-1e10	1	-1e10	1	-1E+10	1	-1E+10	1	-1E+10	1	-1E+10	1	-1E+10	1
5903753	1	C	05/23/2012	21:43	201.940	22.671	0	946.00	0	4.2550	0	34.4500	0	27.330	0	937.928	0	-1e10	1	-1e10	1	-1e10	1	-1E+10	1	-1E+10	1	-1E+10	1	-1E+10	1	-1E+10	1
5903753	1	C	05/23/2012	21:43	201.940	22.671	0	944.00	0	4.2560	0	34.4500	0	27.330	0	935.949	0	-1e10	1	-1e10	1	-1e10	1	-1E+10	1	-1E+10	1	-1E+10	1	-1E+10	1	-1E+10	1
5903753	1	C	05/23/2012	21:43	201.940	22.671	0	942.00	0	4.2590	0	34.4500	0	27.329	0	933.971	0	-1e10	1	-1e10	1	-1e10	1	-1E+10	1	-1E+10	1	-1E+10	1	-1E+10	1	-1E+10	1
5903753	1	C	05/23/2012	21:43	201.940	22.671	0	940.00	0	4.2660	0	34.4480	0	27.327	0	931.992	0	-1e10	1	-1e10	1	-1e10	1	-1E+10	1	-1E+10	1	-1E+10	1	-1E+10	1	-1E+10	1
5903753	1	C	05/23/2012	21:43	201.940	22.671	0	938.00	0	4.2740	0	34.4460	0	27.324	0	930.014	0	-1e10	1	-1e10	1	-1e10	1	-1E+10	1	-1E+10	1	-1E+10	1	-1E+10	1	-1E+10	1
5903753	1	C	05/23/2012	21:43	201.940	22.671	0	936.00	0	4.2760	0	34.4460	0	27.324	0	928.035	0	-1e10	1	-1e10	1	-1e10	1	-1E+10	1	-1E+10	1	-1E+10	1	-1E+10	1	-1E+10	1
5903753	1	C	05/23/2012	21:43	201.940	22.671	0	934.00	0	4.2780	0	34.4450	0	27.323	0	926.057	0	-1e10	1	-1e10	1	-1e10	1	-1E+10	1	-1E+10	1	-1E+10	1	-1E+10	1	-1E+10	1
5903753	1	C	05/23/2012	21:43	201.940	22.671	0	932.00	0	4.2800	0	34.4440	0	27.322	0	924.078	0	-1e10	1	-1e10	1	-1e10	1	-1E+10	1	-1E+10	1	-1E+10	1	-1E+10	1	-1E+10	1
5903753	1	C	05/23/2012	21:43	201.940	22.671	0	930.00	0	4.2850	0	34.4420	0	27.320	0	922.099	0	-1e10	1	-1e10	1	-1e10	1	-1E+10	1	-1E+10	1	-1E+10	1	-1E+10	1	-1E+10	1
5903753	1	C	05/23/2012	21:43	201.940	22.671	0	928.00	0	4.2920	0	34.4410	0	27.319	0	920.121	0	-1e10	1	-1e10	1	-1e10	1	-1E+10	1	-1E+10	1	-1E+10	1	-1E+10	1	-1E+10	1
5903753	1	C	05/23/2012	21:43	201.940	22.671	0	926.00	0	4.2970	0	34.4410	0	27.318	0	918.142	0	-1e10	1	-1e10	1	-1e10	1	-1E+10	1	-1E+10	1	-1E+10	1	-1E+10	1	-1E+10	1
5903753	1	C	05/23/2012	21:43	201.940	22.671	0	924.00	0	4.3010	0	34.4400	0	27.317	0	916.164	0	-1e10	1	-1e10	1	-1e10	1	-1E+10	1	-1E+10	1	-1E+10	1	-1E+10	1	-1E+10	1
5903753	1	C	05/23/2012	21:43	201.940	22.671	0	922.00	0	4.3140	0	34.4380	0	27.314	0	914.185	0	-1e10	1	-1e10	1	-1e10	1	-1E+10	1	-1E+10	1	-1E+10	1	-1E+10	1	-1E+10	1
5903753	1	C	05/23/2012	21:43	201.940	22.671	0	920.00	0	4.3220	0	34.4370	0	27.312	0	912.206	0	-1e10	1	-1e10	1	-1e10	1	-1E+10	1	-1E+10	1	-1E+10	1	-1E+10	1	-1E+10	1
5903753	1	C	05/23/2012	21:43	201.940	22.671	0	918.00	0	4.3290	0	34.4350	0	27.310	0	910.228	0	-1e10	1	-1e10	1	-1e10	1	-1E+10	1	-1E+10	1	-1E+10	1	-1E+10	1	-1E+10	1
5903753	1	C	05/23/2012	21:43	201.940	22.671	0	916.00	0	4.3360	0	34.4350	0	27.309	0	908.249	0	-1e10	1	-1e10	1	-1e10	1	-1E+10	1	-1E+10	1	-1E+10	1	-1E+10	1	-1E+10	1
5903753	1	C	05/23/2012	21:43	201.940	22.671	0	914.00	0	4.3370	0	34.4350	0	27.309	0	906.270	0	-1e10	1	-1e10	1	-1e10	1	-1E+10	1	-1E+10	1	-1E+10	1	-1E+10	1	-1E+10	1
5903753	1	C	05/23/2012	21:43	201.940	22.671	0	912.00	0	4.3420	0	34.4350	0	27.308	0	904.291	0	-1e10	1	-1e10	1	-1e10	1	-1E+10	1	-1E+10	1	-1E+10	1	-1E+10	1	-1E+10	1
5903753	1	C	05/23/2012	21:43	201.940	22.671	0	910.00	0	4.3500	0	34.4330	0	27.306	0	902.312	0	-1e10	1	-1e10	1	-1e10	1	-1E+10	1	-1E+10	1	-1E+10	1	-1E+10	1	-1E+10	1
5903753	1	C	05/23/2012	21:43	201.940	22.671	0	908.00	0	4.3520	0	34.4310	0	27.304	0	900.334	0	-1e10	1	-1e10	1	-1e10	1	-1E+10	1	-1E+10	1	-1E+10	1	-1E+10	1	-1E+10	1
5903753	1	C	05/23/2012	21:43	201.940	22.671	0	906.00	0	4.3560	0	34.4280	0	27.301	0	898.355	0	-1e10	1	-1e10	1	-1e10	1	-1E+10	1	-1E+10	1	-1E+10	1	-1E+10	1	-1E+10	1
5903753	1	C	05/23/2012	21:43	201.940	22.671	0	904.00	0	4.3580	0	34.4280	0	27.301	0	896.376	0	-1e10	1	-1e10	1	-1e10	1	-1E+10	1	-1E+10	1	-1E+10	1	-1E+10	1	-1E+10	1
5903753	1	C	05/23/2012	21:43	201.940	22.671	0	902.00	0	4.3670	0	34.4280	0	27.300	0	894.397	0	-1e10	1	-1e10	1	-1e10	1	-1E+10	1	-1E+10	1	-1E+10	1	-1E+10	1	-1E+10	1
5903753	1	C	05/23/2012	21:43	201.940	22.671	0	901.33	0	4.3703	0	34.4284	0	27.300	0	893.734	0	41.37	0	13.2	0	41.45	0	-1E+10	1	-1E+10	1	-1E+10	1	-1E+10	1	-1E+10	1
5903753	1	C	05/23/2012	21:43	201.940	22.671	0	900.00	0	4.3720	0	34.4280	0	27.299	0	892.418	0	-1e10	1	-1e10	1	-1e10	1	-1E+10	1	-1E+10	1	-1E+10	1	-1E+10	1	-1E+10	1
5903753	1	C	05/23/2012	21:43	201.940	22.671	0	898.00	0	4.3750	0	34.4270	0	27.298	0	890.439	0	-1e10	1	-1e10	1	-1e10	1	-1E+10	1	-1E+10	1	-1E+10	1	-1E+10	1	-1E+10	1
5903753	1	C	05/23/2012	21:43	201.940	22.671	0	896.00	0	4.3910	0	34.4270	0	27.297	0	888.460	0	-1e10	1	-1e10	1	-1e10	1	-1E+10	1	-1E+10	1	-1E+10	1	-1E+10	1	-1E+10	1
5903753	1	C	05/23/2012	21:43	201.940	22.671	0	894.00	0	4.3950	0	34.4280	0	27.297	0	886.482	0	-1e10	1	-1e10	1	-1e10	1	-1E+10	1	-1E+10	1	-1E+10	1	-1E+10	1	-1E+10	1
5903753	1	C	05/23/2012	21:43	201.940	22.671	0	892.00	0	4.3910	0	34.4260	0	27.296	0	884.503	0	-1e10	1	-1e10	1	-1e10	1	-1E+10	1	-1E+10	1	-1E+10	1	-1E+10	1	-1E+10	1
5903753	1	C	05/23/2012	21:43	201.940	22.671	0	890.10	0	4.3960	0	34.4250	0	27.294	0	882.623	0	-1e10	1	-1e10	1	-1e10	1	-1E+10	1	-1E+10	1	-1E+10	1	-1E+10	1	-1E+10	1
5903753	1	C	05/23/2012	21:43	201.940	22.671	0	888.00	0	4.4150	0	34.4270	0	27.294	0	880.545	0	-1e10	1	-1e10	1	-1e10	1	-1E+10	1	-1E+10	1	-1E+10	1	-1E+10	1	-1E+10	1
5903753	1	C	05/23/2012	21:43	201.940	22.671	0	886.00	0	4.4350	0	34.4280	0	27.293	0	878.566	0	-1e10	1	-1e10	1	-1e10	1	-1E+10	1	-1E+10	1	-1E+10	1	-1E+10	1	-1E+10	1
5903753	1	C	05/23/2012	21:43	201.940	22.671	0	884.00	0	4.4250	0	34.4270	0	27.293	0	876.587	0	-1e10	1	-1e10	1	-1e10	1	-1E+10	1	-1E+10	1	-1E+10	1	-1E+10	1	-1E+10	1
5903753	1	C	05/23/2012	21:43	201.940	22.671	0	882.00	0	4.4080	0	34.4240	0	27.292	0	874.608	0	-1e10	1	-1e10	1	-1e10	1	-1E+10	1	-1E+10	1	-1E+10	1	-1E+10	1	-1E+10	1
5903753	1	C	05/23/2012	21:43	201.940	22.671	0	880.00	0	4.4190	0	34.4210	0	27.289	0	872.628	0	-1e10	1	-1e10	1	-1e10	1	-1E+10	1	-1E+10	1	-1E+10	1	-1E+10	1	-1E+10	1
5903753	1	C	05/23/2012	21:43	201.940	22.671	0	878.00	0	4.4600	0	34.4200	0	27.284	0	870.649	0	-1e10	1	-1e10	1	-1e10	1	-1E+10	1	-1E+10	1	-1E+10	1	-1E+10	1	-1E+10	1
5903753	1	C	05/23/2012	21:43	201.940	22.671	0	876.00	0	4.4890	0	34.4230	0	27.283	0	868.670	0	-1e10	1	-1e10	1	-1e10	1	-1E+10	1	-1E+10	1	-1E+10	1	-1E+10	1	-1E+10	1
5903753	1	C	05/23/2012	21:43	201.940	22.671	0	874.00	0	4.5190	0	34.4260	0	27.282	0	866.691	0	-1e10	1	-1e10	1	-1e10	1	-1E+10	1	-1E+10	1	-1E+10	1	-1E+10	1	-1E+10	1
5903753	1	C	05/23/2012	21:43	201.940	22.671	0	872.00	0	4.5210	0	34.4280	0	27.283	0	864.712	0	-1e10	1	-1e10	1	-1e10	1	-1E+10	1	-1E+10	1	-1E+10	1	-1E+10	1	-1E+10	1
5903753	1	C	05/23/2012	21:43	201.940	22.671	0	870.00	0	4.5310	0	34.4290	0	27.283	0	862.733	0	-1e10	1	-1e10	1	-1e10	1	-1E+10	1	-1E+10	1	-1E+10	1	-1E+10	1	-1E+10	1
5903753	1	C	05/23/2012	21:43	201.940	22.671	0	868.00	0	4.5680	0	34.4310	0	27.280	0	860.754	0	-1e10	1	-1e10	1	-1e10	1	-1E+10	1	-1E+10	1	-1E+10	1	-1E+10	1	-1E+10	1
5903753	1	C	05/23/2012	21:43	201.940	22.671	0	866.00	0	4.5800	0	34.4330	0	27.281	0	858.774	0	-1e10	1	-1e10	1	-1e10	1	-1E+10	1	-1E+10	1	-1E+10	1	-1E+10	1	-1E+10	1
5903753	1	C	05/23/2012	21:43	201.940	22.671	0	864.00	0	4.5860	0	34.4340	0	27.281	0	856.795	0	-1e10	1	-1e10	1	-1e10	1	-1E+10	1	-1E+10	1	-1E+10	1	-1E+10	1	-1E+10	1
5903753	1	C	05/23/2012	21:43	201.940	22.671	0	862.00	0	4.5840	0	34.4340	0	27.281	0	854.816	0	-1e10	1	-1e10	1	-1e10	1	-1E+10	1	-1E+10	1	-1E+10	1	-1E+10	1	-1E+10	1
5903753	1	C	05/23/2012	21:43	201.940	22.671	0	860.00	0	4.5780	0	34.4330	0	27.281	0	852.837	0	-1e10	1	-1e10	1	-1e10	1	-1E+10	1	-1E+10	1	-1E+10	1	-1E+10	1	-1E+10	1
5903753	1	C	05/23/2012	21:43	201.940	22.671	0	858.00	0	4.5770	0	34.4310	0	27.279	0	850.858	0	-1e10	1	-1e10	1	-1e10	1	-1E+10	1	-1E+10	1	-1E+10	1	-1E+10	1	-1E+10	1
5903753	1	C	05/23/2012	21:43	201.940	22.671	0	856.00	0	4.5860	0	34.4280	0	27.276	0	848.878	0	-1e10	1	-1e10	1	-1e10	1	-1E+10	1	-1E+10	1	-1E+10	1	-1E+10	1	-1E+10	1
5903753	1	C	05/23/2012	21:43	201.940	22.671	0	854.00	0	4.6130	0	34.4260	0	27.271	0	846.899	0	-1e10	1	-1e10	1	-1e10	1	-1E+10	1	-1E+10	1	-1E+10	1	-1E+10	1	-1E+10	1
5903753	1	C	05/23/2012	21:43	201.940	22.671	0	852.00	0	4.6240	0	34.4260	0	27.270	0	844.920	0	-1e10	1	-1e10	1	-1e10	1	-1E+10	1	-1E+10	1	-1E+10	1	-1E+10	1	-1E+10	1
5903753	1	C	05/23/2012	21:43	201.940	22.671	0	851.45	0	4.6292	0	34.4262	0	27.270	0	844.375	0	40.63	0	13.0	0	41.23	0	-1E+10	1	-1E+10	1	-1E+10	1	-1E+10	1	-1E+10	1
5903753	1	C	05/23/2012	21:43	201.940	22.671	0	850.00	0	4.6410	0	34.4260	0	27.268	0	842.940	0	-1e10	1	-1e10	1	-1e10	1	-1E+10	1	-1E+10	1	-1E+10	1	-1E+10	1	-1E+10	1
5903753	1	C	05/23/2012	21:43	201.940	22.671	0	848.00	0	4.6520	0	34.4250	0	27.266	0	840.961	0	-1e10	1	-1e10	1	-1e10	1	-1E+10	1	-1E+10	1	-1E+10	1	-1E+10	1	-1E+10	1
5903753	1	C	05/23/2012	21:43	201.940	22.671	0	846.00	0	4.6520	0	34.4220	0	27.264	0	838.981	0	-1e10	1	-1e10	1	-1e10	1	-1E+10	1	-1E+10	1	-1E+10	1	-1E+10	1	-1E+10	1
5903753	1	C	05/23/2012	21:43	201.940	22.671	0	844.00	0	4.6600	0	34.4200	0	27.261	0	837.002	0	-1e10	1	-1e10	1	-1e10	1	-1E+10	1	-1E+10	1	-1E+10	1	-1E+10	1	-1E+10	1
5903753	1	C	05/23/2012	21:43	201.940	22.671	0	842.00	0	4.6660	0	34.4200	0	27.261	0	835.023	0	-1e10	1	-1e10	1	-1e10	1	-1E+10	1	-1E+10	1	-1E+10	1	-1E+10	1	-1E+10	1
5903753	1	C	05/23/2012	21:43	201.940	22.671	0	840.00	0	4.6670	0	34.4200	0	27.261	0	833.043	0	-1e10	1	-1e10	1	-1e10	1	-1E+10	1	-1E+10	1	-1E+10	1	-1E+10	1	-1E+10	1
5903753	1	C	05/23/2012	21:43	201.940	22.671	0	838.00	0	4.6680	0	34.4200	0	27.261	0	831.064	0	-1e10	1	-1e10	1	-1e10	1	-1E+10	1	-1E+10	1	-1E+10	1	-1E+10	1	-1E+10	1
5903753	1	C	05/23/2012	21:43	201.940	22.671	0	836.00	0	4.6690	0	34.4200	0	27.260	0	829.084	0	-1e10	1	-1e10	1	-1e10	1	-1E+10	1	-1E+10	1	-1E+10	1	-1E+10	1	-1E+10	1
5903753	1	C	05/23/2012	21:43	201.940	22.671	0	834.00	0	4.6690	0	34.4200	0	27.260	0	827.105	0	-1e10	1	-1e10	1	-1e10	1	-1E+10	1	-1E+10	1	-1E+10	1	-1E+10	1	-1E+10	1
5903753	1	C	05/23/2012	21:43	201.940	22.671	0	832.00	0	4.6700	0	34.4190	0	27.259	0	825.125	0	-1e10	1	-1e10	1	-1e10	1	-1E+10	1	-1E+10	1	-1E+10	1	-1E+10	1	-1E+10	1
5903753	1	C	05/23/2012	21:43	201.940	22.671	0	830.00	0	4.6710	0	34.4190	0	27.259	0	823.146	0	-1e10	1	-1e10	1	-1e10	1	-1E+10	1	-1E+10	1	-1E+10	1	-1E+10	1	-1E+10	1
5903753	1	C	05/23/2012	21:43	201.940	22.671	0	828.00	0	4.6740	0	34.4180	0	27.258	0	821.166	0	-1e10	1	-1e10	1	-1e10	1	-1E+10	1	-1E+10	1	-1E+10	1	-1E+10	1	-1E+10	1
5903753	1	C	05/23/2012	21:43	201.940	22.671	0	826.00	0	4.6760	0	34.4170	0	27.257	0	819.187	0	-1e10	1	-1e10	1	-1e10	1	-1E+10	1	-1E+10	1	-1E+10	1	-1E+10	1	-1E+10	1
5903753	1	C	05/23/2012	21:43	201.940	22.671	0	824.00	0	4.6800	0	34.4160	0	27.256	0	817.207	0	-1e10	1	-1e10	1	-1e10	1	-1E+10	1	-1E+10	1	-1E+10	1	-1E+10	1	-1E+10	1
5903753	1	C	05/23/2012	21:43	201.940	22.671	0	822.00	0	4.6820	0	34.4150	0	27.255	0	815.227	0	-1e10	1	-1e10	1	-1e10	1	-1E+10	1	-1E+10	1	-1E+10	1	-1E+10	1	-1E+10	1
5903753	1	C	05/23/2012	21:43	201.940	22.671	0	820.00	0	4.6840	0	34.4140	0	27.254	0	813.248	0	-1e10	1	-1e10	1	-1e10	1	-1E+10	1	-1E+10	1	-1E+10	1	-1E+10	1	-1E+10	1
5903753	1	C	05/23/2012	21:43	201.940	22.671	0	818.00	0	4.6860	0	34.4140	0	27.254	0	811.268	0	-1e10	1	-1e10	1	-1e10	1	-1E+10	1	-1E+10	1	-1E+10	1	-1E+10	1	-1E+10	1
5903753	1	C	05/23/2012	21:43	201.940	22.671	0	816.00	0	4.6880	0	34.4130	0	27.253	0	809.288	0	-1e10	1	-1e10	1	-1e10	1	-1E+10	1	-1E+10	1	-1E+10	1	-1E+10	1	-1E+10	1
5903753	1	C	05/23/2012	21:43	201.940	22.671	0	814.00	0	4.6950	0	34.4080	0	27.248	0	807.309	0	-1e10	1	-1e10	1	-1e10	1	-1E+10	1	-1E+10	1	-1E+10	1	-1E+10	1	-1E+10	1
5903753	1	C	05/23/2012	21:43	201.940	22.671	0	812.00	0	4.6790	0	34.4010	0	27.244	0	805.329	0	-1e10	1	-1e10	1	-1e10	1	-1E+10	1	-1E+10	1	-1E+10	1	-1E+10	1	-1E+10	1
5903753	1	C	05/23/2012	21:43	201.940	22.671	0	810.00	0	4.6450	0	34.3920	0	27.241	0	803.349	0	-1e10	1	-1e10	1	-1e10	1	-1E+10	1	-1E+10	1	-1E+10	1	-1E+10	1	-1E+10	1
5903753	1	C	05/23/2012	21:43	201.940	22.671	0	808.00	0	4.6310	0	34.3850	0	27.237	0	801.370	0	-1e10	1	-1e10	1	-1e10	1	-1E+10	1	-1E+10	1	-1E+10	1	-1E+10	1	-1E+10	1
5903753	1	C	05/23/2012	21:43	201.940	22.671	0	806.00	0	4.6340	0	34.3790	0	27.231	0	799.390	0	-1e10	1	-1e10	1	-1e10	1	-1E+10	1	-1E+10	1	-1E+10	1	-1E+10	1	-1E+10	1
5903753	1	C	05/23/2012	21:43	201.940	22.671	0	804.00	0	4.6480	0	34.3780	0	27.229	0	797.410	0	-1e10	1	-1e10	1	-1e10	1	-1E+10	1	-1E+10	1	-1E+10	1	-1E+10	1	-1E+10	1
5903753	1	C	05/23/2012	21:43	201.940	22.671	0	802.00	0	4.6530	0	34.3760	0	27.227	0	795.430	0	-1e10	1	-1e10	1	-1e10	1	-1E+10	1	-1E+10	1	-1E+10	1	-1E+10	1	-1E+10	1
5903753	1	C	05/23/2012	21:43	201.940	22.671	0	801.60	0	4.6672	0	34.3755	0	27.225	0	795.034	0	34.65	0	11.1	0	41.58	0	-1E+10	1	-1E+10	1	-1E+10	1	-1E+10	1	-1E+10	1
5903753	1	C	05/23/2012	21:43	201.940	22.671	0	800.00	0	4.6920	0	34.3740	0	27.221	0	793.450	0	-1e10	1	-1e10	1	-1e10	1	-1E+10	1	-1E+10	1	-1E+10	1	-1E+10	1	-1E+10	1
5903753	1	C	05/23/2012	21:43	201.940	22.671	0	798.00	0	4.7560	0	34.3780	0	27.217	0	791.471	0	-1e10	1	-1e10	1	-1e10	1	-1E+10	1	-1E+10	1	-1E+10	1	-1E+10	1	-1E+10	1
5903753	1	C	05/23/2012	21:43	201.940	22.671	0	796.00	0	4.7780	0	34.3790	0	27.215	0	789.491	0	-1e10	1	-1e10	1	-1e10	1	-1E+10	1	-1E+10	1	-1E+10	1	-1E+10	1	-1E+10	1
5903753	1	C	05/23/2012	21:43	201.940	22.671	0	794.00	0	4.7810	0	34.3750	0	27.212	0	787.511	0	-1e10	1	-1e10	1	-1e10	1	-1E+10	1	-1E+10	1	-1E+10	1	-1E+10	1	-1E+10	1
5903753	1	C	05/23/2012	21:43	201.940	22.671	0	792.00	0	4.7780	0	34.3700	0	27.208	0	785.531	0	-1e10	1	-1e10	1	-1e10	1	-1E+10	1	-1E+10	1	-1E+10	1	-1E+10	1	-1E+10	1
5903753	1	C	05/23/2012	21:43	201.940	22.671	0	790.00	0	4.7710	0	34.3680	0	27.207	0	783.551	0	-1e10	1	-1e10	1	-1e10	1	-1E+10	1	-1E+10	1	-1E+10	1	-1E+10	1	-1E+10	1
5903753	1	C	05/23/2012	21:43	201.940	22.671	0	788.00	0	4.7650	0	34.3670	0	27.207	0	781.571	0	-1e10	1	-1e10	1	-1e10	1	-1E+10	1	-1E+10	1	-1E+10	1	-1E+10	1	-1E+10	1
5903753	1	C	05/23/2012	21:43	201.940	22.671	0	786.00	0	4.7640	0	34.3660	0	27.207	0	779.591	0	-1e10	1	-1e10	1	-1e10	1	-1E+10	1	-1E+10	1	-1E+10	1	-1E+10	1	-1E+10	1
5903753	1	C	05/23/2012	21:43	201.940	22.671	0	784.00	0	4.7660	0	34.3600	0	27.202	0	777.611	0	-1e10	1	-1e10	1	-1e10	1	-1E+10	1	-1E+10	1	-1E+10	1	-1E+10	1	-1E+10	1
5903753	1	C	05/23/2012	21:43	201.940	22.671	0	782.00	0	4.7740	0	34.3490	0	27.192	0	775.631	0	-1e10	1	-1e10	1	-1e10	1	-1E+10	1	-1E+10	1	-1E+10	1	-1E+10	1	-1E+10	1
5903753	1	C	05/23/2012	21:43	201.940	22.671	0	780.00	0	4.7790	0	34.3460	0	27.189	0	773.651	0	-1e10	1	-1e10	1	-1e10	1	-1E+10	1	-1E+10	1	-1E+10	1	-1E+10	1	-1E+10	1
5903753	1	C	05/23/2012	21:43	201.940	22.671	0	778.00	0	4.8430	0	34.3480	0	27.183	0	771.671	0	-1e10	1	-1e10	1	-1e10	1	-1E+10	1	-1E+10	1	-1E+10	1	-1E+10	1	-1E+10	1
5903753	1	C	05/23/2012	21:43	201.940	22.671	0	776.00	0	4.9300	0	34.3550	0	27.179	0	769.691	0	-1e10	1	-1e10	1	-1e10	1	-1E+10	1	-1E+10	1	-1E+10	1	-1E+10	1	-1E+10	1
5903753	1	C	05/23/2012	21:43	201.940	22.671	0	774.00	0	4.9430	0	34.3570	0	27.179	0	767.711	0	-1e10	1	-1e10	1	-1e10	1	-1E+10	1	-1E+10	1	-1E+10	1	-1E+10	1	-1E+10	1
5903753	1	C	05/23/2012	21:43	201.940	22.671	0	772.00	0	4.9490	0	34.3570	0	27.179	0	765.731	0	-1e10	1	-1e10	1	-1e10	1	-1E+10	1	-1E+10	1	-1E+10	1	-1E+10	1	-1E+10	1
5903753	1	C	05/23/2012	21:43	201.940	22.671	0	770.00	0	4.9550	0	34.3570	0	27.178	0	763.751	0	-1e10	1	-1e10	1	-1e10	1	-1E+10	1	-1E+10	1	-1E+10	1	-1E+10	1	-1E+10	1
5903753	1	C	05/23/2012	21:43	201.940	22.671	0	768.00	0	4.9680	0	34.3550	0	27.175	0	761.771	0	-1e10	1	-1e10	1	-1e10	1	-1E+10	1	-1E+10	1	-1E+10	1	-1E+10	1	-1E+10	1
5903753	1	C	05/23/2012	21:43	201.940	22.671	0	766.00	0	4.9770	0	34.3540	0	27.173	0	759.791	0	-1e10	1	-1e10	1	-1e10	1	-1E+10	1	-1E+10	1	-1E+10	1	-1E+10	1	-1E+10	1
5903753	1	C	05/23/2012	21:43	201.940	22.671	0	764.00	0	5.0060	0	34.3470	0	27.164	0	757.810	0	-1e10	1	-1e10	1	-1e10	1	-1E+10	1	-1E+10	1	-1E+10	1	-1E+10	1	-1E+10	1
5903753	1	C	05/23/2012	21:43	201.940	22.671	0	762.00	0	5.0400	0	34.3380	0	27.153	0	755.830	0	-1e10	1	-1e10	1	-1e10	1	-1E+10	1	-1E+10	1	-1E+10	1	-1E+10	1	-1E+10	1
5903753	1	C	05/23/2012	21:43	201.940	22.671	0	760.00	0	5.0540	0	34.3340	0	27.148	0	753.850	0	-1e10	1	-1e10	1	-1e10	1	-1E+10	1	-1E+10	1	-1E+10	1	-1E+10	1	-1E+10	1
5903753	1	C	05/23/2012	21:43	201.940	22.671	0	758.00	0	5.0780	0	34.3270	0	27.140	0	751.870	0	-1e10	1	-1e10	1	-1e10	1	-1E+10	1	-1E+10	1	-1E+10	1	-1E+10	1	-1E+10	1
5903753	1	C	05/23/2012	21:43	201.940	22.671	0	756.00	0	5.0920	0	34.3230	0	27.135	0	749.890	0	-1e10	1	-1e10	1	-1e10	1	-1E+10	1	-1E+10	1	-1E+10	1	-1E+10	1	-1E+10	1
5903753	1	C	05/23/2012	21:43	201.940	22.671	0	754.00	0	5.1000	0	34.3150	0	27.128	0	747.909	0	-1e10	1	-1e10	1	-1e10	1	-1E+10	1	-1E+10	1	-1E+10	1	-1E+10	1	-1E+10	1
5903753	1	C	05/23/2012	21:43	201.940	22.671	0	752.00	0	5.0990	0	34.3130	0	27.126	0	745.929	0	-1e10	1	-1e10	1	-1e10	1	-1E+10	1	-1E+10	1	-1E+10	1	-1E+10	1	-1E+10	1
5903753	1	C	05/23/2012	21:43	201.940	22.671	0	751.61	0	5.0995	0	34.3130	0	27.126	0	745.543	0	36.51	0	11.8	0	40.54	0	-1E+10	1	-1E+10	1	-1E+10	1	-1E+10	1	-1E+10	1
5903753	1	C	05/23/2012	21:43	201.940	22.671	0	750.00	0	5.1010	0	34.3110	0	27.125	0	743.949	0	-1e10	1	-1e10	1	-1e10	1	-1E+10	1	-1E+10	1	-1E+10	1	-1E+10	1	-1E+10	1
5903753	1	C	05/23/2012	21:43	201.940	22.671	0	748.00	0	5.1030	0	34.3070	0	27.121	0	741.968	0	-1e10	1	-1e10	1	-1e10	1	-1E+10	1	-1E+10	1	-1E+10	1	-1E+10	1	-1E+10	1
5903753	1	C	05/23/2012	21:43	201.940	22.671	0	746.00	0	5.1060	0	34.3020	0	27.117	0	739.988	0	-1e10	1	-1e10	1	-1e10	1	-1E+10	1	-1E+10	1	-1E+10	1	-1E+10	1	-1E+10	1
5903753	1	C	05/23/2012	21:43	201.940	22.671	0	744.00	0	5.1060	0	34.3000	0	27.115	0	738.008	0	-1e10	1	-1e10	1	-1e10	1	-1E+10	1	-1E+10	1	-1E+10	1	-1E+10	1	-1E+10	1
5903753	1	C	05/23/2012	21:43	201.940	22.671	0	742.00	0	5.1060	0	34.2990	0	27.114	0	736.027	0	-1e10	1	-1e10	1	-1e10	1	-1E+10	1	-1E+10	1	-1E+10	1	-1E+10	1	-1E+10	1
5903753	1	C	05/23/2012	21:43	201.940	22.671	0	740.00	0	5.1070	0	34.2950	0	27.111	0	734.047	0	-1e10	1	-1e10	1	-1e10	1	-1E+10	1	-1E+10	1	-1E+10	1	-1E+10	1	-1E+10	1
5903753	1	C	05/23/2012	21:43	201.940	22.671	0	738.00	0	5.1070	0	34.2920	0	27.109	0	732.067	0	-1e10	1	-1e10	1	-1e10	1	-1E+10	1	-1E+10	1	-1E+10	1	-1E+10	1	-1E+10	1
5903753	1	C	05/23/2012	21:43	201.940	22.671	0	736.00	0	5.1040	0	34.2890	0	27.107	0	730.086	0	-1e10	1	-1e10	1	-1e10	1	-1E+10	1	-1E+10	1	-1E+10	1	-1E+10	1	-1E+10	1
5903753	1	C	05/23/2012	21:43	201.940	22.671	0	734.00	0	5.0910	0	34.2820	0	27.103	0	728.106	0	-1e10	1	-1e10	1	-1e10	1	-1E+10	1	-1E+10	1	-1E+10	1	-1E+10	1	-1E+10	1
5903753	1	C	05/23/2012	21:43	201.940	22.671	0	732.00	0	5.0820	0	34.2770	0	27.100	0	726.125	0	-1e10	1	-1e10	1	-1e10	1	-1E+10	1	-1E+10	1	-1E+10	1	-1E+10	1	-1E+10	1
5903753	1	C	05/23/2012	21:43	201.940	22.671	0	730.00	0	5.0850	0	34.2740	0	27.097	0	724.145	0	-1e10	1	-1e10	1	-1e10	1	-1E+10	1	-1E+10	1	-1E+10	1	-1E+10	1	-1E+10	1
5903753	1	C	05/23/2012	21:43	201.940	22.671	0	728.00	0	5.0930	0	34.2680	0	27.091	0	722.164	0	-1e10	1	-1e10	1	-1e10	1	-1E+10	1	-1E+10	1	-1E+10	1	-1E+10	1	-1E+10	1
5903753	1	C	05/23/2012	21:43	201.940	22.671	0	726.00	0	5.0930	0	34.2620	0	27.086	0	720.184	0	-1e10	1	-1e10	1	-1e10	1	-1E+10	1	-1E+10	1	-1E+10	1	-1E+10	1	-1E+10	1
5903753	1	C	05/23/2012	21:43	201.940	22.671	0	724.00	0	5.0870	0	34.2580	0	27.084	0	718.203	0	-1e10	1	-1e10	1	-1e10	1	-1E+10	1	-1E+10	1	-1E+10	1	-1E+10	1	-1E+10	1
5903753	1	C	05/23/2012	21:43	201.940	22.671	0	722.00	0	5.0790	0	34.2540	0	27.082	0	716.223	0	-1e10	1	-1e10	1	-1e10	1	-1E+10	1	-1E+10	1	-1E+10	1	-1E+10	1	-1E+10	1
5903753	1	C	05/23/2012	21:43	201.940	22.671	0	720.00	0	5.0710	0	34.2470	0	27.077	0	714.242	0	-1e10	1	-1e10	1	-1e10	1	-1E+10	1	-1E+10	1	-1E+10	1	-1E+10	1	-1E+10	1
5903753	1	C	05/23/2012	21:43	201.940	22.671	0	718.00	0	5.0670	0	34.2400	0	27.072	0	712.262	0	-1e10	1	-1e10	1	-1e10	1	-1E+10	1	-1E+10	1	-1E+10	1	-1E+10	1	-1E+10	1
5903753	1	C	05/23/2012	21:43	201.940	22.671	0	716.00	0	5.0670	0	34.2380	0	27.070	0	710.281	0	-1e10	1	-1e10	1	-1e10	1	-1E+10	1	-1E+10	1	-1E+10	1	-1E+10	1	-1E+10	1
5903753	1	C	05/23/2012	21:43	201.940	22.671	0	714.00	0	5.0680	0	34.2370	0	27.069	0	708.300	0	-1e10	1	-1e10	1	-1e10	1	-1E+10	1	-1E+10	1	-1E+10	1	-1E+10	1	-1E+10	1
5903753	1	C	05/23/2012	21:43	201.940	22.671	0	712.00	0	5.0760	0	34.2350	0	27.067	0	706.320	0	-1e10	1	-1e10	1	-1e10	1	-1E+10	1	-1E+10	1	-1E+10	1	-1E+10	1	-1E+10	1
5903753	1	C	05/23/2012	21:43	201.940	22.671	0	710.00	0	5.0980	0	34.2310	0	27.061	0	704.339	0	-1e10	1	-1e10	1	-1e10	1	-1E+10	1	-1E+10	1	-1E+10	1	-1E+10	1	-1E+10	1
5903753	1	C	05/23/2012	21:43	201.940	22.671	0	708.00	0	5.1050	0	34.2310	0	27.060	0	702.358	0	-1e10	1	-1e10	1	-1e10	1	-1E+10	1	-1E+10	1	-1E+10	1	-1E+10	1	-1E+10	1
5903753	1	C	05/23/2012	21:43	201.940	22.671	0	706.00	0	5.1170	0	34.2290	0	27.057	0	700.378	0	-1e10	1	-1e10	1	-1e10	1	-1E+10	1	-1E+10	1	-1E+10	1	-1E+10	1	-1E+10	1
5903753	1	C	05/23/2012	21:43	201.940	22.671	0	704.00	0	5.1250	0	34.2280	0	27.056	0	698.397	0	-1e10	1	-1e10	1	-1e10	1	-1E+10	1	-1E+10	1	-1E+10	1	-1E+10	1	-1E+10	1
5903753	1	C	05/23/2012	21:43	201.940	22.671	0	702.00	0	5.1300	0	34.2270	0	27.054	0	696.416	0	-1e10	1	-1e10	1	-1e10	1	-1E+10	1	-1E+10	1	-1E+10	1	-1E+10	1	-1E+10	1
5903753	1	C	05/23/2012	21:43	201.940	22.671	0	701.50	0	5.1317	0	34.2259	0	27.053	0	695.921	0	33.68	0	10.9	0	40.51	0	-1E+10	1	-1E+10	1	-1E+10	1	-1E+10	1	-1E+10	1
5903753	1	C	05/23/2012	21:43	201.940	22.671	0	700.00	0	5.1430	0	34.2240	0	27.050	0	694.435	0	-1e10	1	-1e10	1	-1e10	1	-1E+10	1	-1E+10	1	-1E+10	1	-1E+10	1	-1E+10	1
5903753	1	C	05/23/2012	21:43	201.940	22.671	0	698.00	0	5.1560	0	34.2220	0	27.047	0	692.455	0	-1e10	1	-1e10	1	-1e10	1	-1E+10	1	-1E+10	1	-1E+10	1	-1E+10	1	-1E+10	1
5903753	1	C	05/23/2012	21:43	201.940	22.671	0	696.00	0	5.1810	0	34.2150	0	27.039	0	690.474	0	-1e10	1	-1e10	1	-1e10	1	-1E+10	1	-1E+10	1	-1E+10	1	-1E+10	1	-1E+10	1
5903753	1	C	05/23/2012	21:43	201.940	22.671	0	694.00	0	5.2070	0	34.2120	0	27.033	0	688.493	0	-1e10	1	-1e10	1	-1e10	1	-1E+10	1	-1E+10	1	-1E+10	1	-1E+10	1	-1E+10	1
5903753	1	C	05/23/2012	21:43	201.940	22.671	0	692.00	0	5.2270	0	34.2090	0	27.029	0	686.512	0	-1e10	1	-1e10	1	-1e10	1	-1E+10	1	-1E+10	1	-1E+10	1	-1E+10	1	-1E+10	1
5903753	1	C	05/23/2012	21:43	201.940	22.671	0	690.00	0	5.2560	0	34.2060	0	27.023	0	684.531	0	-1e10	1	-1e10	1	-1e10	1	-1E+10	1	-1E+10	1	-1E+10	1	-1E+10	1	-1E+10	1
5903753	1	C	05/23/2012	21:43	201.940	22.671	0	688.00	0	5.2760	0	34.2040	0	27.019	0	682.550	0	-1e10	1	-1e10	1	-1e10	1	-1E+10	1	-1E+10	1	-1E+10	1	-1E+10	1	-1E+10	1
5903753	1	C	05/23/2012	21:43	201.940	22.671	0	686.00	0	5.2850	0	34.2010	0	27.015	0	680.570	0	-1e10	1	-1e10	1	-1e10	1	-1E+10	1	-1E+10	1	-1E+10	1	-1E+10	1	-1E+10	1
5903753	1	C	05/23/2012	21:43	201.940	22.671	0	684.00	0	5.2820	0	34.1990	0	27.014	0	678.589	0	-1e10	1	-1e10	1	-1e10	1	-1E+10	1	-1E+10	1	-1E+10	1	-1E+10	1	-1E+10	1
5903753	1	C	05/23/2012	21:43	201.940	22.671	0	682.00	0	5.2760	0	34.1970	0	27.013	0	676.608	0	-1e10	1	-1e10	1	-1e10	1	-1E+10	1	-1E+10	1	-1E+10	1	-1E+10	1	-1E+10	1
5903753	1	C	05/23/2012	21:43	201.940	22.671	0	680.00	0	5.2720	0	34.1940	0	27.011	0	674.627	0	-1e10	1	-1e10	1	-1e10	1	-1E+10	1	-1E+10	1	-1E+10	1	-1E+10	1	-1E+10	1
5903753	1	C	05/23/2012	21:43	201.940	22.671	0	678.00	0	5.2700	0	34.1930	0	27.011	0	672.646	0	-1e10	1	-1e10	1	-1e10	1	-1E+10	1	-1E+10	1	-1E+10	1	-1E+10	1	-1E+10	1
5903753	1	C	05/23/2012	21:43	201.940	22.671	0	676.00	0	5.2710	0	34.1900	0	27.008	0	670.665	0	-1e10	1	-1e10	1	-1e10	1	-1E+10	1	-1E+10	1	-1E+10	1	-1E+10	1	-1E+10	1
5903753	1	C	05/23/2012	21:43	201.940	22.671	0	674.00	0	5.2740	0	34.1880	0	27.006	0	668.684	0	-1e10	1	-1e10	1	-1e10	1	-1E+10	1	-1E+10	1	-1E+10	1	-1E+10	1	-1E+10	1
5903753	1	C	05/23/2012	21:43	201.940	22.671	0	672.00	0	5.2760	0	34.1870	0	27.005	0	666.703	0	-1e10	1	-1e10	1	-1e10	1	-1E+10	1	-1E+10	1	-1E+10	1	-1E+10	1	-1E+10	1
5903753	1	C	05/23/2012	21:43	201.940	22.671	0	670.00	0	5.2840	0	34.1770	0	26.996	0	664.722	0	-1e10	1	-1e10	1	-1e10	1	-1E+10	1	-1E+10	1	-1E+10	1	-1E+10	1	-1E+10	1
5903753	1	C	05/23/2012	21:43	201.940	22.671	0	668.00	0	5.3050	0	34.1680	0	26.987	0	662.741	0	-1e10	1	-1e10	1	-1e10	1	-1E+10	1	-1E+10	1	-1E+10	1	-1E+10	1	-1E+10	1
5903753	1	C	05/23/2012	21:43	201.940	22.671	0	666.00	0	5.3130	0	34.1670	0	26.985	0	660.760	0	-1e10	1	-1e10	1	-1e10	1	-1E+10	1	-1E+10	1	-1E+10	1	-1E+10	1	-1E+10	1
5903753	1	C	05/23/2012	21:43	201.940	22.671	0	664.00	0	5.3200	0	34.1670	0	26.984	0	658.778	0	-1e10	1	-1e10	1	-1e10	1	-1E+10	1	-1E+10	1	-1E+10	1	-1E+10	1	-1E+10	1
5903753	1	C	05/23/2012	21:43	201.940	22.671	0	662.00	0	5.3270	0	34.1660	0	26.983	0	656.797	0	-1e10	1	-1e10	1	-1e10	1	-1E+10	1	-1E+10	1	-1E+10	1	-1E+10	1	-1E+10	1
5903753	1	C	05/23/2012	21:43	201.940	22.671	0	660.00	0	5.3380	0	34.1650	0	26.980	0	654.816	0	-1e10	1	-1e10	1	-1e10	1	-1E+10	1	-1E+10	1	-1E+10	1	-1E+10	1	-1E+10	1
5903753	1	C	05/23/2012	21:43	201.940	22.671	0	658.00	0	5.3490	0	34.1620	0	26.977	0	652.835	0	-1e10	1	-1e10	1	-1e10	1	-1E+10	1	-1E+10	1	-1E+10	1	-1E+10	1	-1E+10	1
5903753	1	C	05/23/2012	21:43	201.940	22.671	0	656.00	0	5.3780	0	34.1550	0	26.968	0	650.854	0	-1e10	1	-1e10	1	-1e10	1	-1E+10	1	-1E+10	1	-1E+10	1	-1E+10	1	-1E+10	1
5903753	1	C	05/23/2012	21:43	201.940	22.671	0	654.00	0	5.3890	0	34.1540	0	26.966	0	648.873	0	-1e10	1	-1e10	1	-1e10	1	-1E+10	1	-1E+10	1	-1E+10	1	-1E+10	1	-1E+10	1
5903753	1	C	05/23/2012	21:43	201.940	22.671	0	652.00	0	5.4000	0	34.1530	0	26.964	0	646.891	0	-1e10	1	-1e10	1	-1e10	1	-1E+10	1	-1E+10	1	-1E+10	1	-1E+10	1	-1E+10	1
5903753	1	C	05/23/2012	21:43	201.940	22.671	0	651.43	0	5.4034	0	34.1529	0	26.963	0	646.327	0	43.68	0	14.3	0	38.38	0	-1E+10	1	-1E+10	1	-1E+10	1	-1E+10	1	-1E+10	1
5903753	1	C	05/23/2012	21:43	201.940	22.671	0	650.00	0	5.4150	0	34.1510	0	26.960	0	644.910	0	-1e10	1	-1e10	1	-1e10	1	-1E+10	1	-1E+10	1	-1E+10	1	-1E+10	1	-1E+10	1
5903753	1	C	05/23/2012	21:43	201.940	22.671	0	648.00	0	5.4250	0	34.1480	0	26.957	0	642.929	0	-1e10	1	-1e10	1	-1e10	1	-1E+10	1	-1E+10	1	-1E+10	1	-1E+10	1	-1E+10	1
5903753	1	C	05/23/2012	21:43	201.940	22.671	0	646.00	0	5.4330	0	34.1460	0	26.954	0	640.948	0	-1e10	1	-1e10	1	-1e10	1	-1E+10	1	-1E+10	1	-1E+10	1	-1E+10	1	-1E+10	1
5903753	1	C	05/23/2012	21:43	201.940	22.671	0	644.00	0	5.4140	0	34.1340	0	26.947	0	638.966	0	-1e10	1	-1e10	1	-1e10	1	-1E+10	1	-1E+10	1	-1E+10	1	-1E+10	1	-1E+10	1
5903753	1	C	05/23/2012	21:43	201.940	22.671	0	642.00	0	5.4130	0	34.1280	0	26.942	0	636.985	0	-1e10	1	-1e10	1	-1e10	1	-1E+10	1	-1E+10	1	-1E+10	1	-1E+10	1	-1E+10	1
5903753	1	C	05/23/2012	21:43	201.940	22.671	0	640.00	0	5.4180	0	34.1250	0	26.939	0	635.004	0	-1e10	1	-1e10	1	-1e10	1	-1E+10	1	-1E+10	1	-1E+10	1	-1E+10	1	-1E+10	1
5903753	1	C	05/23/2012	21:43	201.940	22.671	0	638.00	0	5.4260	0	34.1240	0	26.937	0	633.022	0	-1e10	1	-1e10	1	-1e10	1	-1E+10	1	-1E+10	1	-1E+10	1	-1E+10	1	-1E+10	1
5903753	1	C	05/23/2012	21:43	201.940	22.671	0	636.00	0	5.4530	0	34.1230	0	26.933	0	631.041	0	-1e10	1	-1e10	1	-1e10	1	-1E+10	1	-1E+10	1	-1E+10	1	-1E+10	1	-1E+10	1
5903753	1	C	05/23/2012	21:43	201.940	22.671	0	634.00	0	5.5090	0	34.1240	0	26.927	0	629.060	0	-1e10	1	-1e10	1	-1e10	1	-1E+10	1	-1E+10	1	-1E+10	1	-1E+10	1	-1E+10	1
5903753	1	C	05/23/2012	21:43	201.940	22.671	0	632.00	0	5.5210	0	34.1250	0	26.927	0	627.078	0	-1e10	1	-1e10	1	-1e10	1	-1E+10	1	-1E+10	1	-1E+10	1	-1E+10	1	-1E+10	1
5903753	1	C	05/23/2012	21:43	201.940	22.671	0	630.00	0	5.5540	0	34.1240	0	26.922	0	625.097	0	-1e10	1	-1e10	1	-1e10	1	-1E+10	1	-1E+10	1	-1E+10	1	-1E+10	1	-1E+10	1
5903753	1	C	05/23/2012	21:43	201.940	22.671	0	628.00	0	5.6020	0	34.1260	0	26.918	0	623.115	0	-1e10	1	-1e10	1	-1e10	1	-1E+10	1	-1E+10	1	-1E+10	1	-1E+10	1	-1E+10	1
5903753	1	C	05/23/2012	21:43	201.940	22.671	0	626.10	0	5.6590	0	34.1230	0	26.909	0	621.233	0	-1e10	1	-1e10	1	-1e10	1	-1E+10	1	-1E+10	1	-1E+10	1	-1E+10	1	-1E+10	1
5903753	1	C	05/23/2012	21:43	201.940	22.671	0	624.00	0	5.6710	0	34.1200	0	26.905	0	619.152	0	-1e10	1	-1e10	1	-1e10	1	-1E+10	1	-1E+10	1	-1E+10	1	-1E+10	1	-1E+10	1
5903753	1	C	05/23/2012	21:43	201.940	22.671	0	622.00	0	5.6700	0	34.1200	0	26.905	0	617.171	0	-1e10	1	-1e10	1	-1e10	1	-1E+10	1	-1E+10	1	-1E+10	1	-1E+10	1	-1E+10	1
5903753	1	C	05/23/2012	21:43	201.940	22.671	0	620.00	0	5.6770	0	34.1170	0	26.902	0	615.189	0	-1e10	1	-1e10	1	-1e10	1	-1E+10	1	-1E+10	1	-1E+10	1	-1E+10	1	-1E+10	1
5903753	1	C	05/23/2012	21:43	201.940	22.671	0	618.00	0	5.6920	0	34.1110	0	26.895	0	613.208	0	-1e10	1	-1e10	1	-1e10	1	-1E+10	1	-1E+10	1	-1E+10	1	-1E+10	1	-1E+10	1
5903753	1	C	05/23/2012	21:43	201.940	22.671	0	616.00	0	5.7180	0	34.1110	0	26.892	0	611.226	0	-1e10	1	-1e10	1	-1e10	1	-1E+10	1	-1E+10	1	-1E+10	1	-1E+10	1	-1E+10	1
5903753	1	C	05/23/2012	21:43	201.940	22.671	0	614.00	0	5.7270	0	34.1100	0	26.890	0	609.245	0	-1e10	1	-1e10	1	-1e10	1	-1E+10	1	-1E+10	1	-1E+10	1	-1E+10	1	-1E+10	1
5903753	1	C	05/23/2012	21:43	201.940	22.671	0	612.00	0	5.7400	0	34.1070	0	26.886	0	607.263	0	-1e10	1	-1e10	1	-1e10	1	-1E+10	1	-1E+10	1	-1E+10	1	-1E+10	1	-1E+10	1
5903753	1	C	05/23/2012	21:43	201.940	22.671	0	610.00	0	5.7570	0	34.0990	0	26.878	0	605.282	0	-1e10	1	-1e10	1	-1e10	1	-1E+10	1	-1E+10	1	-1E+10	1	-1E+10	1	-1E+10	1
5903753	1	C	05/23/2012	21:43	201.940	22.671	0	608.00	0	5.7830	0	34.0990	0	26.874	0	603.300	0	-1e10	1	-1e10	1	-1e10	1	-1E+10	1	-1E+10	1	-1E+10	1	-1E+10	1	-1E+10	1
5903753	1	C	05/23/2012	21:43	201.940	22.671	0	606.00	0	5.7900	0	34.0970	0	26.872	0	601.318	0	-1e10	1	-1e10	1	-1e10	1	-1E+10	1	-1E+10	1	-1E+10	1	-1E+10	1	-1E+10	1
5903753	1	C	05/23/2012	21:43	201.940	22.671	0	604.00	0	5.7870	0	34.0920	0	26.868	0	599.337	0	-1e10	1	-1e10	1	-1e10	1	-1E+10	1	-1E+10	1	-1E+10	1	-1E+10	1	-1E+10	1
5903753	1	C	05/23/2012	21:43	201.940	22.671	0	602.00	0	5.7820	0	34.0880	0	26.866	0	597.355	0	-1e10	1	-1e10	1	-1e10	1	-1E+10	1	-1E+10	1	-1E+10	1	-1E+10	1	-1E+10	1
5903753	1	C	05/23/2012	21:43	201.940	22.671	0	600.00	0	5.8280	0	34.0870	0	26.859	0	595.373	0	-1e10	1	-1e10	1	-1e10	1	-1E+10	1	-1E+10	1	-1E+10	1	-1E+10	1	-1E+10	1
5903753	1	C	05/23/2012	21:43	201.940	22.671	0	599.96	0	5.8294	0	34.0875	0	26.859	0	595.334	0	60.62	0	20.0	0	36.12	0	-1E+10	1	-1E+10	1	-1E+10	1	-1E+10	1	-1E+10	1
5903753	1	C	05/23/2012	21:43	201.940	22.671	0	598.00	0	5.8590	0	34.0830	0	26.852	0	593.391	0	-1e10	1	-1e10	1	-1e10	1	-1E+10	1	-1E+10	1	-1E+10	1	-1E+10	1	-1E+10	1
5903753	1	C	05/23/2012	21:43	201.940	22.671	0	596.00	0	5.8710	0	34.0810	0	26.849	0	591.410	0	-1e10	1	-1e10	1	-1e10	1	-1E+10	1	-1E+10	1	-1E+10	1	-1E+10	1	-1E+10	1
5903753	1	C	05/23/2012	21:43	201.940	22.671	0	594.00	0	5.9110	0	34.0830	0	26.846	0	589.428	0	-1e10	1	-1e10	1	-1e10	1	-1E+10	1	-1E+10	1	-1E+10	1	-1E+10	1	-1E+10	1
5903753	1	C	05/23/2012	21:43	201.940	22.671	0	592.00	0	5.9170	0	34.0850	0	26.847	0	587.446	0	-1e10	1	-1e10	1	-1e10	1	-1E+10	1	-1E+10	1	-1E+10	1	-1E+10	1	-1E+10	1
5903753	1	C	05/23/2012	21:43	201.940	22.671	0	590.00	0	5.9380	0	34.0880	0	26.846	0	585.464	0	-1e10	1	-1e10	1	-1e10	1	-1E+10	1	-1E+10	1	-1E+10	1	-1E+10	1	-1E+10	1
5903753	1	C	05/23/2012	21:43	201.940	22.671	0	588.00	0	6.0690	0	34.0920	0	26.833	0	583.483	0	-1e10	1	-1e10	1	-1e10	1	-1E+10	1	-1E+10	1	-1E+10	1	-1E+10	1	-1E+10	1
5903753	1	C	05/23/2012	21:43	201.940	22.671	0	586.00	0	6.1440	0	34.0970	0	26.828	0	581.501	0	-1e10	1	-1e10	1	-1e10	1	-1E+10	1	-1E+10	1	-1E+10	1	-1E+10	1	-1E+10	1
5903753	1	C	05/23/2012	21:43	201.940	22.671	0	584.00	0	6.2370	0	34.1030	0	26.821	0	579.519	0	-1e10	1	-1e10	1	-1e10	1	-1E+10	1	-1E+10	1	-1E+10	1	-1E+10	1	-1E+10	1
5903753	1	C	05/23/2012	21:43	201.940	22.671	0	582.00	0	6.2640	0	34.1060	0	26.819	0	577.537	0	-1e10	1	-1e10	1	-1e10	1	-1E+10	1	-1E+10	1	-1E+10	1	-1E+10	1	-1E+10	1
5903753	1	C	05/23/2012	21:43	201.940	22.671	0	580.00	0	6.3160	0	34.1080	0	26.814	0	575.555	0	-1e10	1	-1e10	1	-1e10	1	-1E+10	1	-1E+10	1	-1E+10	1	-1E+10	1	-1E+10	1
5903753	1	C	05/23/2012	21:43	201.940	22.671	0	578.00	0	6.3410	0	34.1100	0	26.813	0	573.573	0	-1e10	1	-1e10	1	-1e10	1	-1E+10	1	-1E+10	1	-1E+10	1	-1E+10	1	-1E+10	1
5903753	1	C	05/23/2012	21:43	201.940	22.671	0	576.00	0	6.3930	0	34.1090	0	26.805	0	571.591	0	-1e10	1	-1e10	1	-1e10	1	-1E+10	1	-1E+10	1	-1E+10	1	-1E+10	1	-1E+10	1
5903753	1	C	05/23/2012	21:43	201.940	22.671	0	574.00	0	6.5080	0	34.1090	0	26.790	0	569.609	0	-1e10	1	-1e10	1	-1e10	1	-1E+10	1	-1E+10	1	-1E+10	1	-1E+10	1	-1E+10	1
5903753	1	C	05/23/2012	21:43	201.940	22.671	0	572.00	0	6.5190	0	34.1110	0	26.790	0	567.627	0	-1e10	1	-1e10	1	-1e10	1	-1E+10	1	-1E+10	1	-1E+10	1	-1E+10	1	-1E+10	1
5903753	1	C	05/23/2012	21:43	201.940	22.671	0	570.00	0	6.5210	0	34.1130	0	26.792	0	565.645	0	-1e10	1	-1e10	1	-1e10	1	-1E+10	1	-1E+10	1	-1E+10	1	-1E+10	1	-1E+10	1
5903753	1	C	05/23/2012	21:43	201.940	22.671	0	568.00	0	6.5220	0	34.1130	0	26.791	0	563.663	0	-1e10	1	-1e10	1	-1e10	1	-1E+10	1	-1E+10	1	-1E+10	1	-1E+10	1	-1E+10	1
5903753	1	C	05/23/2012	21:43	201.940	22.671	0	566.00	0	6.5390	0	34.1070	0	26.784	0	561.681	0	-1e10	1	-1e10	1	-1e10	1	-1E+10	1	-1E+10	1	-1E+10	1	-1E+10	1	-1E+10	1
5903753	1	C	05/23/2012	21:43	201.940	22.671	0	564.00	0	6.5630	0	34.1030	0	26.778	0	559.699	0	-1e10	1	-1e10	1	-1e10	1	-1E+10	1	-1E+10	1	-1E+10	1	-1E+10	1	-1E+10	1
5903753	1	C	05/23/2012	21:43	201.940	22.671	0	562.00	0	6.5920	0	34.1020	0	26.773	0	557.717	0	-1e10	1	-1e10	1	-1e10	1	-1E+10	1	-1E+10	1	-1E+10	1	-1E+10	1	-1E+10	1
5903753	1	C	05/23/2012	21:43	201.940	22.671	0	560.00	0	6.6270	0	34.1010	0	26.768	0	555.735	0	-1e10	1	-1e10	1	-1e10	1	-1E+10	1	-1E+10	1	-1E+10	1	-1E+10	1	-1E+10	1
5903753	1	C	05/23/2012	21:43	201.940	22.671	0	558.00	0	6.6560	0	34.1010	0	26.764	0	553.753	0	-1e10	1	-1e10	1	-1e10	1	-1E+10	1	-1E+10	1	-1E+10	1	-1E+10	1	-1E+10	1
5903753	1	C	05/23/2012	21:43	201.940	22.671	0	556.00	0	6.6890	0	34.1000	0	26.759	0	551.771	0	-1e10	1	-1e10	1	-1e10	1	-1E+10	1	-1E+10	1	-1E+10	1	-1E+10	1	-1E+10	1
5903753	1	C	05/23/2012	21:43	201.940	22.671	0	554.00	0	6.6910	0	34.1010	0	26.760	0	549.789	0	-1e10	1	-1e10	1	-1e10	1	-1E+10	1	-1E+10	1	-1E+10	1	-1E+10	1	-1E+10	1
5903753	1	C	05/23/2012	21:43	201.940	22.671	0	552.00	0	6.6920	0	34.1020	0	26.760	0	547.806	0	-1e10	1	-1e10	1	-1e10	1	-1E+10	1	-1E+10	1	-1E+10	1	-1E+10	1	-1E+10	1
5903753	1	C	05/23/2012	21:43	201.940	22.671	0	550.41	0	6.6927	0	34.1011	0	26.759	0	546.231	0	77.34	0	26.0	0	32.91	0	-1E+10	1	-1E+10	1	-1E+10	1	-1E+10	1	-1E+10	1
5903753	1	C	05/23/2012	21:43	201.940	22.671	0	550.00	0	6.6980	0	34.1000	0	26.758	0	545.824	0	-1e10	1	-1e10	1	-1e10	1	-1E+10	1	-1E+10	1	-1E+10	1	-1E+10	1	-1E+10	1
5903753	1	C	05/23/2012	21:43	201.940	22.671	0	548.00	0	6.7330	0	34.0980	0	26.751	0	543.842	0	-1e10	1	-1e10	1	-1e10	1	-1E+10	1	-1E+10	1	-1E+10	1	-1E+10	1	-1E+10	1
5903753	1	C	05/23/2012	21:43	201.940	22.671	0	546.00	0	6.7370	0	34.0980	0	26.751	0	541.860	0	-1e10	1	-1e10	1	-1e10	1	-1E+10	1	-1E+10	1	-1E+10	1	-1E+10	1	-1E+10	1
5903753	1	C	05/23/2012	21:43	201.940	22.671	0	544.00	0	6.7350	0	34.0980	0	26.751	0	539.878	0	-1e10	1	-1e10	1	-1e10	1	-1E+10	1	-1E+10	1	-1E+10	1	-1E+10	1	-1E+10	1
5903753	1	C	05/23/2012	21:43	201.940	22.671	0	542.00	0	6.7380	0	34.0970	0	26.750	0	537.895	0	-1e10	1	-1e10	1	-1e10	1	-1E+10	1	-1E+10	1	-1E+10	1	-1E+10	1	-1E+10	1
5903753	1	C	05/23/2012	21:43	201.940	22.671	0	540.00	0	6.7540	0	34.0960	0	26.747	0	535.913	0	-1e10	1	-1e10	1	-1e10	1	-1E+10	1	-1E+10	1	-1E+10	1	-1E+10	1	-1E+10	1
5903753	1	C	05/23/2012	21:43	201.940	22.671	0	538.00	0	6.7860	0	34.0940	0	26.741	0	533.931	0	-1e10	1	-1e10	1	-1e10	1	-1E+10	1	-1E+10	1	-1E+10	1	-1E+10	1	-1E+10	1
5903753	1	C	05/23/2012	21:43	201.940	22.671	0	536.00	0	6.8090	0	34.0910	0	26.736	0	531.948	0	-1e10	1	-1e10	1	-1e10	1	-1E+10	1	-1E+10	1	-1E+10	1	-1E+10	1	-1E+10	1
5903753	1	C	05/23/2012	21:43	201.940	22.671	0	534.00	0	6.8280	0	34.0910	0	26.733	0	529.966	0	-1e10	1	-1e10	1	-1e10	1	-1E+10	1	-1E+10	1	-1E+10	1	-1E+10	1	-1E+10	1
5903753	1	C	05/23/2012	21:43	201.940	22.671	0	532.00	0	6.8950	0	34.0900	0	26.723	0	527.984	0	-1e10	1	-1e10	1	-1e10	1	-1E+10	1	-1E+10	1	-1E+10	1	-1E+10	1	-1E+10	1
5903753	1	C	05/23/2012	21:43	201.940	22.671	0	530.00	0	6.9360	0	34.0890	0	26.717	0	526.001	0	-1e10	1	-1e10	1	-1e10	1	-1E+10	1	-1E+10	1	-1E+10	1	-1E+10	1	-1E+10	1
5903753	1	C	05/23/2012	21:43	201.940	22.671	0	528.00	0	6.9750	0	34.0870	0	26.710	0	524.019	0	-1e10	1	-1e10	1	-1e10	1	-1E+10	1	-1E+10	1	-1E+10	1	-1E+10	1	-1E+10	1
5903753	1	C	05/23/2012	21:43	201.940	22.671	0	526.00	0	7.0370	0	34.0850	0	26.700	0	522.037	0	-1e10	1	-1e10	1	-1e10	1	-1E+10	1	-1E+10	1	-1E+10	1	-1E+10	1	-1E+10	1
5903753	1	C	05/23/2012	21:43	201.940	22.671	0	524.00	0	7.0560	0	34.0850	0	26.697	0	520.054	0	-1e10	1	-1e10	1	-1e10	1	-1E+10	1	-1E+10	1	-1E+10	1	-1E+10	1	-1E+10	1
5903753	1	C	05/23/2012	21:43	201.940	22.671	0	522.00	0	7.0660	0	34.0840	0	26.695	0	518.072	0	-1e10	1	-1e10	1	-1e10	1	-1E+10	1	-1E+10	1	-1E+10	1	-1E+10	1	-1E+10	1
5903753	1	C	05/23/2012	21:43	201.940	22.671	0	520.00	0	7.0690	0	34.0840	0	26.695	0	516.089	0	-1e10	1	-1e10	1	-1e10	1	-1E+10	1	-1E+10	1	-1E+10	1	-1E+10	1	-1E+10	1
5903753	1	C	05/23/2012	21:43	201.940	22.671	0	518.00	0	7.0710	0	34.0840	0	26.694	0	514.107	0	-1e10	1	-1e10	1	-1e10	1	-1E+10	1	-1E+10	1	-1E+10	1	-1E+10	1	-1E+10	1
5903753	1	C	05/23/2012	21:43	201.940	22.671	0	516.00	0	7.0980	0	34.0830	0	26.690	0	512.124	0	-1e10	1	-1e10	1	-1e10	1	-1E+10	1	-1E+10	1	-1E+10	1	-1E+10	1	-1E+10	1
5903753	1	C	05/23/2012	21:43	201.940	22.671	0	514.00	0	7.1490	0	34.0850	0	26.684	0	510.142	0	-1e10	1	-1e10	1	-1e10	1	-1E+10	1	-1E+10	1	-1E+10	1	-1E+10	1	-1E+10	1
5903753	1	C	05/23/2012	21:43	201.940	22.671	0	512.00	0	7.2390	0	34.0840	0	26.671	0	508.159	0	-1e10	1	-1e10	1	-1e10	1	-1E+10	1	-1E+10	1	-1E+10	1	-1E+10	1	-1E+10	1
5903753	1	C	05/23/2012	21:43	201.940	22.671	0	510.00	0	7.2810	0	34.0890	0	26.669	0	506.177	0	-1e10	1	-1e10	1	-1e10	1	-1E+10	1	-1E+10	1	-1E+10	1	-1E+10	1	-1E+10	1
5903753	1	C	05/23/2012	21:43	201.940	22.671	0	508.00	0	7.3130	0	34.0900	0	26.666	0	504.194	0	-1e10	1	-1e10	1	-1e10	1	-1E+10	1	-1E+10	1	-1E+10	1	-1E+10	1	-1E+10	1
5903753	1	C	05/23/2012	21:43	201.940	22.671	0	506.00	0	7.3210	0	34.0860	0	26.661	0	502.211	0	-1e10	1	-1e10	1	-1e10	1	-1E+10	1	-1E+10	1	-1E+10	1	-1E+10	1	-1E+10	1
5903753	1	C	05/23/2012	21:43	201.940	22.671	0	504.00	0	7.4200	0	34.0830	0	26.645	0	500.229	0	-1e10	1	-1e10	1	-1e10	1	-1E+10	1	-1E+10	1	-1E+10	1	-1E+10	1	-1E+10	1
5903753	1	C	05/23/2012	21:43	201.940	22.671	0	502.00	0	7.4700	0	34.0890	0	26.643	0	498.246	0	-1e10	1	-1e10	1	-1e10	1	-1E+10	1	-1E+10	1	-1E+10	1	-1E+10	1	-1E+10	1
5903753	1	C	05/23/2012	21:43	201.940	22.671	0	501.42	0	7.4745	0	34.0903	0	26.643	0	497.671	0	96.17	0	32.9	0	29.44	0	-1E+10	1	-1E+10	1	-1E+10	1	-1E+10	1	-1E+10	1
5903753	1	C	05/23/2012	21:43	201.940	22.671	0	500.00	0	7.4770	0	34.0920	0	26.644	0	496.264	0	-1e10	1	-1e10	1	-1e10	1	-1E+10	1	-1E+10	1	-1E+10	1	-1E+10	1	-1E+10	1
5903753	1	C	05/23/2012	21:43	201.940	22.671	0	498.00	0	7.4830	0	34.0920	0	26.643	0	494.281	0	-1e10	1	-1e10	1	-1e10	1	-1E+10	1	-1E+10	1	-1E+10	1	-1E+10	1	-1E+10	1
5903753	1	C	05/23/2012	21:43	201.940	22.671	0	496.00	0	7.4870	0	34.0930	0	26.643	0	492.298	0	-1e10	1	-1e10	1	-1e10	1	-1E+10	1	-1E+10	1	-1E+10	1	-1E+10	1	-1E+10	1
5903753	1	C	05/23/2012	21:43	201.940	22.671	0	494.00	0	7.5150	0	34.0920	0	26.639	0	490.315	0	-1e10	1	-1e10	1	-1e10	1	-1E+10	1	-1E+10	1	-1E+10	1	-1E+10	1	-1E+10	1
5903753	1	C	05/23/2012	21:43	201.940	22.671	0	492.00	0	7.5620	0	34.0930	0	26.633	0	488.333	0	-1e10	1	-1e10	1	-1e10	1	-1E+10	1	-1E+10	1	-1E+10	1	-1E+10	1	-1E+10	1
5903753	1	C	05/23/2012	21:43	201.940	22.671	0	489.90	0	7.5940	0	34.0920	0	26.627	0	486.251	0	-1e10	1	-1e10	1	-1e10	1	-1E+10	1	-1E+10	1	-1E+10	1	-1E+10	1	-1E+10	1
5903753	1	C	05/23/2012	21:43	201.940	22.671	0	488.00	0	7.6140	0	34.0910	0	26.624	0	484.367	0	-1e10	1	-1e10	1	-1e10	1	-1E+10	1	-1E+10	1	-1E+10	1	-1E+10	1	-1E+10	1
5903753	1	C	05/23/2012	21:43	201.940	22.671	0	486.00	0	7.6290	0	34.0910	0	26.621	0	482.384	0	-1e10	1	-1e10	1	-1e10	1	-1E+10	1	-1E+10	1	-1E+10	1	-1E+10	1	-1E+10	1
5903753	1	C	05/23/2012	21:43	201.940	22.671	0	484.00	0	7.6420	0	34.0910	0	26.619	0	480.402	0	-1e10	1	-1e10	1	-1e10	1	-1E+10	1	-1E+10	1	-1E+10	1	-1E+10	1	-1E+10	1
5903753	1	C	05/23/2012	21:43	201.940	22.671	0	482.00	0	7.6800	0	34.0920	0	26.615	0	478.419	0	-1e10	1	-1e10	1	-1e10	1	-1E+10	1	-1E+10	1	-1E+10	1	-1E+10	1	-1E+10	1
5903753	1	C	05/23/2012	21:43	201.940	22.671	0	480.00	0	7.7330	0	34.0920	0	26.607	0	476.436	0	-1e10	1	-1e10	1	-1e10	1	-1E+10	1	-1E+10	1	-1E+10	1	-1E+10	1	-1E+10	1
5903753	1	C	05/23/2012	21:43	201.940	22.671	0	478.00	0	7.7550	0	34.0930	0	26.605	0	474.453	0	-1e10	1	-1e10	1	-1e10	1	-1E+10	1	-1E+10	1	-1E+10	1	-1E+10	1	-1E+10	1
5903753	1	C	05/23/2012	21:43	201.940	22.671	0	476.00	0	7.7670	0	34.0940	0	26.604	0	472.470	0	-1e10	1	-1e10	1	-1e10	1	-1E+10	1	-1E+10	1	-1E+10	1	-1E+10	1	-1E+10	1
5903753	1	C	05/23/2012	21:43	201.940	22.671	0	474.00	0	7.8290	0	34.0920	0	26.593	0	470.487	0	-1e10	1	-1e10	1	-1e10	1	-1E+10	1	-1E+10	1	-1E+10	1	-1E+10	1	-1E+10	1
5903753	1	C	05/23/2012	21:43	201.940	22.671	0	472.00	0	7.9140	0	34.0910	0	26.580	0	468.504	0	-1e10	1	-1e10	1	-1e10	1	-1E+10	1	-1E+10	1	-1E+10	1	-1E+10	1	-1E+10	1
5903753	1	C	05/23/2012	21:43	201.940	22.671	0	470.00	0	7.9930	0	34.0920	0	26.569	0	466.521	0	-1e10	1	-1e10	1	-1e10	1	-1E+10	1	-1E+10	1	-1E+10	1	-1E+10	1	-1E+10	1
5903753	1	C	05/23/2012	21:43	201.940	22.671	0	468.00	0	8.0900	0	34.0960	0	26.558	0	464.538	0	-1e10	1	-1e10	1	-1e10	1	-1E+10	1	-1E+10	1	-1E+10	1	-1E+10	1	-1E+10	1
5903753	1	C	05/23/2012	21:43	201.940	22.671	0	466.00	0	8.1110	0	34.0970	0	26.556	0	462.555	0	-1e10	1	-1e10	1	-1e10	1	-1E+10	1	-1E+10	1	-1E+10	1	-1E+10	1	-1E+10	1
5903753	1	C	05/23/2012	21:43	201.940	22.671	0	464.00	0	8.1360	0	34.0990	0	26.553	0	460.572	0	-1e10	1	-1e10	1	-1e10	1	-1E+10	1	-1E+10	1	-1E+10	1	-1E+10	1	-1E+10	1
5903753	1	C	05/23/2012	21:43	201.940	22.671	0	462.00	0	8.2010	0	34.1000	0	26.544	0	458.589	0	-1e10	1	-1e10	1	-1e10	1	-1E+10	1	-1E+10	1	-1E+10	1	-1E+10	1	-1E+10	1
5903753	1	C	05/23/2012	21:43	201.940	22.671	0	460.00	0	8.2810	0	34.1030	0	26.535	0	456.606	0	-1e10	1	-1e10	1	-1e10	1	-1E+10	1	-1E+10	1	-1E+10	1	-1E+10	1	-1E+10	1
5903753	1	C	05/23/2012	21:43	201.940	22.671	0	458.00	0	8.3650	0	34.1050	0	26.524	0	454.623	0	-1e10	1	-1e10	1	-1e10	1	-1E+10	1	-1E+10	1	-1E+10	1	-1E+10	1	-1E+10	1
5903753	1	C	05/23/2012	21:43	201.940	22.671	0	456.00	0	8.4170	0	34.1070	0	26.517	0	452.640	0	-1e10	1	-1e10	1	-1e10	1	-1E+10	1	-1E+10	1	-1E+10	1	-1E+10	1	-1E+10	1
5903753	1	C	05/23/2012	21:43	201.940	22.671	0	454.00	0	8.4650	0	34.1090	0	26.512	0	450.657	0	-1e10	1	-1e10	1	-1e10	1	-1E+10	1	-1E+10	1	-1E+10	1	-1E+10	1	-1E+10	1
5903753	1	C	05/23/2012	21:43	201.940	22.671	0	452.00	0	8.5460	0	34.1140	0	26.503	0	448.674	0	-1e10	1	-1e10	1	-1e10	1	-1E+10	1	-1E+10	1	-1E+10	1	-1E+10	1	-1E+10	1
5903753	1	C	05/23/2012	21:43	201.940	22.671	0	450.94	0	8.5573	0	34.1165	0	26.503	0	447.623	0	118.75	0	41.6	0	25.15	0	-1E+10	1	-1E+10	1	-1E+10	1	-1E+10	1	-1E+10	1
5903753	1	C	05/23/2012	21:43	201.940	22.671	0	450.00	0	8.5580	0	34.1170	0	26.504	0	446.691	0	-1e10	1	-1e10	1	-1e10	1	-1E+10	1	-1E+10	1	-1E+10	1	-1E+10	1	-1E+10	1
5903753	1	C	05/23/2012	21:43	201.940	22.671	0	448.00	0	8.5640	0	34.1170	0	26.503	0	444.708	0	-1e10	1	-1e10	1	-1e10	1	-1E+10	1	-1E+10	1	-1E+10	1	-1E+10	1	-1E+10	1
5903753	1	C	05/23/2012	21:43	201.940	22.671	0	446.00	0	8.5800	0	34.1170	0	26.500	0	442.725	0	-1e10	1	-1e10	1	-1e10	1	-1E+10	1	-1E+10	1	-1E+10	1	-1E+10	1	-1E+10	1
5903753	1	C	05/23/2012	21:43	201.940	22.671	0	444.00	0	8.5870	0	34.1140	0	26.497	0	440.741	0	-1e10	1	-1e10	1	-1e10	1	-1E+10	1	-1E+10	1	-1E+10	1	-1E+10	1	-1E+10	1
5903753	1	C	05/23/2012	21:43	201.940	22.671	0	442.00	0	8.5930	0	34.1090	0	26.492	0	438.758	0	-1e10	1	-1e10	1	-1e10	1	-1E+10	1	-1E+10	1	-1E+10	1	-1E+10	1	-1E+10	1
5903753	1	C	05/23/2012	21:43	201.940	22.671	0	440.00	0	8.6780	0	34.1060	0	26.476	0	436.775	0	-1e10	1	-1e10	1	-1e10	1	-1E+10	1	-1E+10	1	-1E+10	1	-1E+10	1	-1E+10	1
5903753	1	C	05/23/2012	21:43	201.940	22.671	0	438.00	0	8.7650	0	34.1100	0	26.466	0	434.792	0	-1e10	1	-1e10	1	-1e10	1	-1E+10	1	-1E+10	1	-1E+10	1	-1E+10	1	-1E+10	1
5903753	1	C	05/23/2012	21:43	201.940	22.671	0	436.00	0	8.8220	0	34.1150	0	26.461	0	432.808	0	-1e10	1	-1e10	1	-1e10	1	-1E+10	1	-1E+10	1	-1E+10	1	-1E+10	1	-1E+10	1
5903753	1	C	05/23/2012	21:43	201.940	22.671	0	434.00	0	8.8440	0	34.1180	0	26.460	0	430.825	0	-1e10	1	-1e10	1	-1e10	1	-1E+10	1	-1E+10	1	-1E+10	1	-1E+10	1	-1E+10	1
5903753	1	C	05/23/2012	21:43	201.940	22.671	0	432.00	0	8.8800	0	34.1210	0	26.456	0	428.842	0	-1e10	1	-1e10	1	-1e10	1	-1E+10	1	-1E+10	1	-1E+10	1	-1E+10	1	-1E+10	1
5903753	1	C	05/23/2012	21:43	201.940	22.671	0	430.00	0	8.9510	0	34.1250	0	26.448	0	426.859	0	-1e10	1	-1e10	1	-1e10	1	-1E+10	1	-1E+10	1	-1E+10	1	-1E+10	1	-1E+10	1
5903753	1	C	05/23/2012	21:43	201.940	22.671	0	428.00	0	9.0740	0	34.1340	0	26.436	0	424.875	0	-1e10	1	-1e10	1	-1e10	1	-1E+10	1	-1E+10	1	-1E+10	1	-1E+10	1	-1E+10	1
5903753	1	C	05/23/2012	21:43	201.940	22.671	0	426.00	0	9.1420	0	34.1360	0	26.427	0	422.892	0	-1e10	1	-1e10	1	-1e10	1	-1E+10	1	-1E+10	1	-1E+10	1	-1E+10	1	-1E+10	1
5903753	1	C	05/23/2012	21:43	201.940	22.671	0	424.00	0	9.1920	0	34.1360	0	26.419	0	420.908	0	-1e10	1	-1e10	1	-1e10	1	-1E+10	1	-1E+10	1	-1E+10	1	-1E+10	1	-1E+10	1
5903753	1	C	05/23/2012	21:43	201.940	22.671	0	422.00	0	9.2780	0	34.1390	0	26.407	0	418.925	0	-1e10	1	-1e10	1	-1e10	1	-1E+10	1	-1E+10	1	-1E+10	1	-1E+10	1	-1E+10	1
5903753	1	C	05/23/2012	21:43	201.940	22.671	0	420.00	0	9.3540	0	34.1400	0	26.396	0	416.942	0	-1e10	1	-1e10	1	-1e10	1	-1E+10	1	-1E+10	1	-1E+10	1	-1E+10	1	-1E+10	1
5903753	1	C	05/23/2012	21:43	201.940	22.671	0	418.00	0	9.3990	0	34.1440	0	26.391	0	414.958	0	-1e10	1	-1e10	1	-1e10	1	-1E+10	1	-1E+10	1	-1E+10	1	-1E+10	1	-1E+10	1
5903753	1	C	05/23/2012	21:43	201.940	22.671	0	416.00	0	9.4870	0	34.1500	0	26.382	0	412.975	0	-1e10	1	-1e10	1	-1e10	1	-1E+10	1	-1E+10	1	-1E+10	1	-1E+10	1	-1E+10	1
5903753	1	C	05/23/2012	21:43	201.940	22.671	0	414.00	0	9.5250	0	34.1500	0	26.376	0	410.991	0	-1e10	1	-1e10	1	-1e10	1	-1E+10	1	-1E+10	1	-1E+10	1	-1E+10	1	-1E+10	1
5903753	1	C	05/23/2012	21:43	201.940	22.671	0	412.00	0	9.5170	0	34.1470	0	26.375	0	409.008	0	-1e10	1	-1e10	1	-1e10	1	-1E+10	1	-1E+10	1	-1E+10	1	-1E+10	1	-1E+10	1
5903753	1	C	05/23/2012	21:43	201.940	22.671	0	410.00	0	9.5860	0	34.1460	0	26.362	0	407.024	0	-1e10	1	-1e10	1	-1e10	1	-1E+10	1	-1E+10	1	-1E+10	1	-1E+10	1	-1E+10	1
5903753	1	C	05/23/2012	21:43	201.940	22.671	0	408.00	0	9.7000	0	34.1490	0	26.346	0	405.041	0	-1e10	1	-1e10	1	-1e10	1	-1E+10	1	-1E+10	1	-1E+10	1	-1E+10	1	-1E+10	1
5903753	1	C	05/23/2012	21:43	201.940	22.671	0	406.00	0	9.8800	0	34.1540	0	26.320	0	403.057	0	-1e10	1	-1e10	1	-1e10	1	-1E+10	1	-1E+10	1	-1E+10	1	-1E+10	1	-1E+10	1
5903753	1	C	05/23/2012	21:43	201.940	22.671	0	404.00	0	9.9770	0	34.1610	0	26.309	0	401.074	0	-1e10	1	-1e10	1	-1e10	1	-1E+10	1	-1E+10	1	-1E+10	1	-1E+10	1	-1E+10	1
5903753	1	C	05/23/2012	21:43	201.940	22.671	0	402.00	0	10.0290	0	34.1630	0	26.302	0	399.090	0	-1e10	1	-1e10	1	-1e10	1	-1E+10	1	-1E+10	1	-1E+10	1	-1E+10	1	-1E+10	1
5903753	1	C	05/23/2012	21:43	201.940	22.671	0	401.63	0	10.0448	0	34.1649	0	26.301	0	398.723	0	136.97	0	49.6	0	20.35	0	-1E+10	1	-1E+10	1	-1E+10	1	-1E+10	1	-1E+10	1
5903753	1	C	05/23/2012	21:43	201.940	22.671	0	400.00	0	10.0760	0	34.1670	0	26.297	0	397.106	0	-1e10	1	-1e10	1	-1e10	1	-1E+10	1	-1E+10	1	-1E+10	1	-1E+10	1	-1E+10	1
5903753	1	C	05/23/2012	21:43	201.940	22.671	0	398.00	0	10.0970	0	34.1670	0	26.293	0	395.123	0	-1e10	1	-1e10	1	-1e10	1	-1E+10	1	-1E+10	1	-1E+10	1	-1E+10	1	-1E+10	1
5903753	1	C	05/23/2012	21:43	201.940	22.671	0	396.00	0	10.1490	0	34.1650	0	26.283	0	393.139	0	-1e10	1	-1e10	1	-1e10	1	-1E+10	1	-1E+10	1	-1E+10	1	-1E+10	1	-1E+10	1
5903753	1	C	05/23/2012	21:43	201.940	22.671	0	394.00	0	10.2200	0	34.1670	0	26.272	0	391.156	0	-1e10	1	-1e10	1	-1e10	1	-1E+10	1	-1E+10	1	-1E+10	1	-1E+10	1	-1E+10	1
5903753	1	C	05/23/2012	21:43	201.940	22.671	0	392.00	0	10.2290	0	34.1690	0	26.272	0	389.172	0	-1e10	1	-1e10	1	-1e10	1	-1E+10	1	-1E+10	1	-1E+10	1	-1E+10	1	-1E+10	1
5903753	1	C	05/23/2012	21:43	201.940	22.671	0	390.00	0	10.2520	0	34.1700	0	26.269	0	387.188	0	-1e10	1	-1e10	1	-1e10	1	-1E+10	1	-1E+10	1	-1E+10	1	-1E+10	1	-1E+10	1
5903753	1	C	05/23/2012	21:43	201.940	22.671	0	388.00	0	10.3240	0	34.1640	0	26.252	0	385.204	0	-1e10	1	-1e10	1	-1e10	1	-1E+10	1	-1E+10	1	-1E+10	1	-1E+10	1	-1E+10	1
5903753	1	C	05/23/2012	21:43	201.940	22.671	0	386.00	0	10.3620	0	34.1600	0	26.242	0	383.221	0	-1e10	1	-1e10	1	-1e10	1	-1E+10	1	-1E+10	1	-1E+10	1	-1E+10	1	-1E+10	1
5903753	1	C	05/23/2012	21:43	201.940	22.671	0	384.00	0	10.3860	0	34.1610	0	26.239	0	381.237	0	-1e10	1	-1e10	1	-1e10	1	-1E+10	1	-1E+10	1	-1E+10	1	-1E+10	1	-1E+10	1
5903753	1	C	05/23/2012	21:43	201.940	22.671	0	382.00	0	10.4680	0	34.1620	0	26.225	0	379.253	0	-1e10	1	-1e10	1	-1e10	1	-1E+10	1	-1E+10	1	-1E+10	1	-1E+10	1	-1E+10	1
5903753	1	C	05/23/2012	21:43	201.940	22.671	0	381.52	0	10.4768	0	34.1621	0	26.224	0	378.777	0	147.88	0	54.1	0	17.84	0	-1E+10	1	-1E+10	1	-1E+10	1	-1E+10	1	-1E+10	1
5903753	1	C	05/23/2012	21:43	201.940	22.671	0	380.00	0	10.4870	0	34.1620	0	26.222	0	377.269	0	-1e10	1	-1e10	1	-1e10	1	-1E+10	1	-1E+10	1	-1E+10	1	-1E+10	1	-1E+10	1
5903753	1	C	05/23/2012	21:43	201.940	22.671	0	378.00	0	10.5350	0	34.1600	0	26.212	0	375.285	0	-1e10	1	-1e10	1	-1e10	1	-1E+10	1	-1E+10	1	-1E+10	1	-1E+10	1	-1E+10	1
5903753	1	C	05/23/2012	21:43	201.940	22.671	0	376.00	0	10.5810	0	34.1620	0	26.206	0	373.302	0	-1e10	1	-1e10	1	-1e10	1	-1E+10	1	-1E+10	1	-1E+10	1	-1E+10	1	-1E+10	1
5903753	1	C	05/23/2012	21:43	201.940	22.671	0	374.00	0	10.6020	0	34.1640	0	26.204	0	371.318	0	-1e10	1	-1e10	1	-1e10	1	-1E+10	1	-1E+10	1	-1E+10	1	-1E+10	1	-1E+10	1
5903753	1	C	05/23/2012	21:43	201.940	22.671	0	372.00	0	10.6790	0	34.1640	0	26.190	0	369.334	0	-1e10	1	-1e10	1	-1e10	1	-1E+10	1	-1E+10	1	-1E+10	1	-1E+10	1	-1E+10	1
5903753	1	C	05/23/2012	21:43	201.940	22.671	0	370.00	0	10.7390	0	34.1650	0	26.180	0	367.350	0	-1e10	1	-1e10	1	-1e10	1	-1E+10	1	-1E+10	1	-1E+10	1	-1E+10	1	-1E+10	1
5903753	1	C	05/23/2012	21:43	201.940	22.671	0	368.00	0	10.7880	0	34.1680	0	26.174	0	365.366	0	-1e10	1	-1e10	1	-1e10	1	-1E+10	1	-1E+10	1	-1E+10	1	-1E+10	1	-1E+10	1
5903753	1	C	05/23/2012	21:43	201.940	22.671	0	366.00	0	10.8210	0	34.1700	0	26.170	0	363.382	0	-1e10	1	-1e10	1	-1e10	1	-1E+10	1	-1E+10	1	-1E+10	1	-1E+10	1	-1E+10	1
5903753	1	C	05/23/2012	21:43	201.940	22.671	0	364.00	0	10.8590	0	34.1700	0	26.163	0	361.398	0	-1e10	1	-1e10	1	-1e10	1	-1E+10	1	-1E+10	1	-1E+10	1	-1E+10	1	-1E+10	1
5903753	1	C	05/23/2012	21:43	201.940	22.671	0	362.00	0	10.8770	0	34.1700	0	26.160	0	359.414	0	-1e10	1	-1e10	1	-1e10	1	-1E+10	1	-1E+10	1	-1E+10	1	-1E+10	1	-1E+10	1
5903753	1	C	05/23/2012	21:43	201.940	22.671	0	360.59	0	10.9129	0	34.1700	0	26.153	0	358.016	0	155.92	0	57.6	0	16.01	0	-1E+10	1	-1E+10	1	-1E+10	1	-1E+10	1	-1E+10	1
5903753	1	C	05/23/2012	21:43	201.940	22.671	0	360.00	0	10.9340	0	34.1700	0	26.149	0	357.430	0	-1e10	1	-1e10	1	-1e10	1	-1E+10	1	-1E+10	1	-1E+10	1	-1E+10	1	-1E+10	1
5903753	1	C	05/23/2012	21:43	201.940	22.671	0	358.00	0	11.0010	0	34.1690	0	26.137	0	355.446	0	-1e10	1	-1e10	1	-1e10	1	-1E+10	1	-1E+10	1	-1E+10	1	-1E+10	1	-1E+10	1
5903753	1	C	05/23/2012	21:43	201.940	22.671	0	356.00	0	11.0610	0	34.1680	0	26.125	0	353.462	0	-1e10	1	-1e10	1	-1e10	1	-1E+10	1	-1E+10	1	-1E+10	1	-1E+10	1	-1E+10	1
5903753	1	C	05/23/2012	21:43	201.940	22.671	0	354.00	0	11.1310	0	34.1700	0	26.114	0	351.478	0	-1e10	1	-1e10	1	-1e10	1	-1E+10	1	-1E+10	1	-1E+10	1	-1E+10	1	-1E+10	1
5903753	1	C	05/23/2012	21:43	201.940	22.671	0	352.00	0	11.1380	0	34.1720	0	26.114	0	349.494	0	-1e10	1	-1e10	1	-1e10	1	-1E+10	1	-1E+10	1	-1E+10	1	-1E+10	1	-1E+10	1
5903753	1	C	05/23/2012	21:43	201.940	22.671	0	350.66	0	11.1408	0	34.1727	0	26.114	0	348.165	0	160.93	0	59.7	0	15.70	0	-1E+10	1	-1E+10	1	-1E+10	1	-1E+10	1	-1E+10	1
5903753	1	C	05/23/2012	21:43	201.940	22.671	0	350.00	0	11.1440	0	34.1730	0	26.114	0	347.510	0	-1e10	1	-1e10	1	-1e10	1	-1E+10	1	-1E+10	1	-1E+10	1	-1E+10	1	-1E+10	1
5903753	1	C	05/23/2012	21:43	201.940	22.671	0	348.00	0	11.1570	0	34.1740	0	26.112	0	345.526	0	-1e10	1	-1e10	1	-1e10	1	-1E+10	1	-1E+10	1	-1E+10	1	-1E+10	1	-1E+10	1
5903753	1	C	05/23/2012	21:43	201.940	22.671	0	346.00	0	11.2080	0	34.1740	0	26.103	0	343.542	0	-1e10	1	-1e10	1	-1e10	1	-1E+10	1	-1E+10	1	-1E+10	1	-1E+10	1	-1E+10	1
5903753	1	C	05/23/2012	21:43	201.940	22.671	0	344.00	0	11.2650	0	34.1750	0	26.093	0	341.558	0	-1e10	1	-1e10	1	-1e10	1	-1E+10	1	-1E+10	1	-1E+10	1	-1E+10	1	-1E+10	1
5903753	1	C	05/23/2012	21:43	201.940	22.671	0	342.00	0	11.2950	0	34.1770	0	26.089	0	339.573	0	-1e10	1	-1e10	1	-1e10	1	-1E+10	1	-1E+10	1	-1E+10	1	-1E+10	1	-1E+10	1
5903753	1	C	05/23/2012	21:43	201.940	22.671	0	341.57	0	11.2986	0	34.1773	0	26.089	0	339.147	0	161.53	0	60.1	0	15.38	0	-1E+10	1	-1E+10	1	-1E+10	1	-1E+10	1	-1E+10	1
5903753	1	C	05/23/2012	21:43	201.940	22.671	0	340.00	0	11.3420	0	34.1780	0	26.082	0	337.589	0	-1e10	1	-1e10	1	-1e10	1	-1E+10	1	-1E+10	1	-1E+10	1	-1E+10	1	-1E+10	1
5903753	1	C	05/23/2012	21:43	201.940	22.671	0	338.00	0	11.4170	0	34.1780	0	26.068	0	335.605	0	-1e10	1	-1e10	1	-1e10	1	-1E+10	1	-1E+10	1	-1E+10	1	-1E+10	1	-1E+10	1
5903753	1	C	05/23/2012	21:43	201.940	22.671	0	336.00	0	11.4850	0	34.1800	0	26.057	0	333.621	0	-1e10	1	-1e10	1	-1e10	1	-1E+10	1	-1E+10	1	-1E+10	1	-1E+10	1	-1E+10	1
5903753	1	C	05/23/2012	21:43	201.940	22.671	0	334.00	0	11.6000	0	34.1820	0	26.037	0	331.637	0	-1e10	1	-1e10	1	-1e10	1	-1E+10	1	-1E+10	1	-1E+10	1	-1E+10	1	-1E+10	1
5903753	1	C	05/23/2012	21:43	201.940	22.671	0	332.00	0	11.7150	0	34.1850	0	26.018	0	329.652	0	-1e10	1	-1e10	1	-1e10	1	-1E+10	1	-1E+10	1	-1E+10	1	-1E+10	1	-1E+10	1
5903753	1	C	05/23/2012	21:43	201.940	22.671	0	331.55	0	11.7422	0	34.1854	0	26.013	0	329.206	0	159.46	0	59.9	0	14.44	0	-1E+10	1	-1E+10	1	-1E+10	1	-1E+10	1	-1E+10	1
5903753	1	C	05/23/2012	21:43	201.940	22.671	0	330.00	0	11.7690	0	34.1880	0	26.010	0	327.668	0	-1e10	1	-1e10	1	-1e10	1	-1E+10	1	-1E+10	1	-1E+10	1	-1E+10	1	-1E+10	1
5903753	1	C	05/23/2012	21:43	201.940	22.671	0	328.00	0	11.8090	0	34.1900	0	26.004	0	325.684	0	-1e10	1	-1e10	1	-1e10	1	-1E+10	1	-1E+10	1	-1E+10	1	-1E+10	1	-1E+10	1
5903753	1	C	05/23/2012	21:43	201.940	22.671	0	326.00	0	11.8930	0	34.1910	0	25.989	0	323.700	0	-1e10	1	-1e10	1	-1e10	1	-1E+10	1	-1E+10	1	-1E+10	1	-1E+10	1	-1E+10	1
5903753	1	C	05/23/2012	21:43	201.940	22.671	0	324.00	0	11.9960	0	34.1940	0	25.972	0	321.715	0	-1e10	1	-1e10	1	-1e10	1	-1E+10	1	-1E+10	1	-1E+10	1	-1E+10	1	-1E+10	1
5903753	1	C	05/23/2012	21:43	201.940	22.671	0	322.00	0	12.1720	0	34.2000	0	25.944	0	319.731	0	-1e10	1	-1e10	1	-1e10	1	-1E+10	1	-1E+10	1	-1E+10	1	-1E+10	1	-1E+10	1
5903753	1	C	05/23/2012	21:43	201.940	22.671	0	321.52	0	12.2598	0	34.2020	0	25.928	0	319.255	0	164.18	0	62.3	0	11.90	0	-1E+10	1	-1E+10	1	-1E+10	1	-1E+10	1	-1E+10	1
5903753	1	C	05/23/2012	21:43	201.940	22.671	0	320.00	0	12.3630	0	34.2110	0	25.916	0	317.746	0	-1e10	1	-1e10	1	-1e10	1	-1E+10	1	-1E+10	1	-1E+10	1	-1E+10	1	-1E+10	1
5903753	1	C	05/23/2012	21:43	201.940	22.671	0	318.00	0	12.5260	0	34.2220	0	25.892	0	315.762	0	-1e10	1	-1e10	1	-1e10	1	-1E+10	1	-1E+10	1	-1E+10	1	-1E+10	1	-1E+10	1
5903753	1	C	05/23/2012	21:43	201.940	22.671	0	316.00	0	12.6500	0	34.2320	0	25.876	0	313.778	0	-1e10	1	-1e10	1	-1e10	1	-1E+10	1	-1E+10	1	-1E+10	1	-1E+10	1	-1E+10	1
5903753	1	C	05/23/2012	21:43	201.940	22.671	0	314.10	0	12.8030	0	34.2430	0	25.855	0	311.892	0	-1e10	1	-1e10	1	-1e10	1	-1E+10	1	-1E+10	1	-1E+10	1	-1E+10	1	-1E+10	1
5903753	1	C	05/23/2012	21:43	201.940	22.671	0	312.00	0	12.9130	0	34.2490	0	25.837	0	309.809	0	-1e10	1	-1e10	1	-1e10	1	-1E+10	1	-1E+10	1	-1E+10	1	-1E+10	1	-1E+10	1
5903753	1	C	05/23/2012	21:43	201.940	22.671	0	311.47	0	12.9559	0	34.2494	0	25.829	0	309.283	0	177.32	0	68.3	0	9.96	0	-1E+10	1	-1E+10	1	-1E+10	1	-1E+10	1	-1E+10	1
5903753	1	C	05/23/2012	21:43	201.940	22.671	0	310.00	0	13.0750	0	34.2590	0	25.813	0	307.824	0	-1e10	1	-1e10	1	-1e10	1	-1E+10	1	-1E+10	1	-1E+10	1	-1E+10	1	-1E+10	1
5903753	1	C	05/23/2012	21:43	201.940	22.671	0	308.00	0	13.1990	0	34.2710	0	25.797	0	305.840	0	-1e10	1	-1e10	1	-1e10	1	-1E+10	1	-1E+10	1	-1E+10	1	-1E+10	1	-1E+10	1
5903753	1	C	05/23/2012	21:43	201.940	22.671	0	306.00	0	13.2480	0	34.2780	0	25.793	0	303.855	0	-1e10	1	-1e10	1	-1e10	1	-1E+10	1	-1E+10	1	-1E+10	1	-1E+10	1	-1E+10	1
5903753	1	C	05/23/2012	21:43	201.940	22.671	0	304.00	0	13.3060	0	34.2830	0	25.785	0	301.871	0	-1e10	1	-1e10	1	-1e10	1	-1E+10	1	-1E+10	1	-1E+10	1	-1E+10	1	-1E+10	1
5903753	1	C	05/23/2012	21:43	201.940	22.671	0	302.00	0	13.3650	0	34.2870	0	25.776	0	299.886	0	-1e10	1	-1e10	1	-1e10	1	-1E+10	1	-1E+10	1	-1E+10	1	-1E+10	1	-1E+10	1
5903753	1	C	05/23/2012	21:43	201.940	22.671	0	301.34	0	13.3963	0	34.2891	0	25.771	0	299.231	0	186.04	0	72.4	0	7.96	0	-1E+10	1	-1E+10	1	-1E+10	1	-1E+10	1	-1E+10	1
5903753	1	C	05/23/2012	21:43	201.940	22.671	0	300.00	0	13.4150	0	34.2910	0	25.769	0	297.902	0	-1e10	1	-1e10	1	-1e10	1	-1E+10	1	-1E+10	1	-1E+10	1	-1E+10	1	-1E+10	1
5903753	1	C	05/23/2012	21:43	201.940	22.671	0	298.00	0	13.4810	0	34.2960	0	25.760	0	295.917	0	-1e10	1	-1e10	1	-1e10	1	-1E+10	1	-1E+10	1	-1E+10	1	-1E+10	1	-1E+10	1
5903753	1	C	05/23/2012	21:43	201.940	22.671	0	296.00	0	13.5510	0	34.3030	0	25.751	0	293.932	0	-1e10	1	-1e10	1	-1e10	1	-1E+10	1	-1E+10	1	-1E+10	1	-1E+10	1	-1E+10	1
5903753	1	C	05/23/2012	21:43	201.940	22.671	0	294.00	0	13.5880	0	34.3070	0	25.746	0	291.948	0	-1e10	1	-1e10	1	-1e10	1	-1E+10	1	-1E+10	1	-1E+10	1	-1E+10	1	-1E+10	1
5903753	1	C	05/23/2012	21:43	201.940	22.671	0	292.00	0	13.6770	0	34.3080	0	25.729	0	289.963	0	-1e10	1	-1e10	1	-1e10	1	-1E+10	1	-1E+10	1	-1E+10	1	-1E+10	1	-1E+10	1
5903753	1	C	05/23/2012	21:43	201.940	22.671	0	290.00	0	13.8260	0	34.3190	0	25.706	0	287.979	0	-1e10	1	-1e10	1	-1e10	1	-1E+10	1	-1E+10	1	-1E+10	1	-1E+10	1	-1E+10	1
5903753	1	C	05/23/2012	21:43	201.940	22.671	0	288.38	0	13.9556	0	34.3328	0	25.690	0	286.371	0	195.57	0	76.9	0	6.19	0	-1E+10	1	-1E+10	1	-1E+10	1	-1E+10	1	-1E+10	1
5903753	1	C	05/23/2012	21:43	201.940	22.671	0	288.00	0	13.9800	0	34.3340	0	25.686	0	285.994	0	-1e10	1	-1e10	1	-1e10	1	-1E+10	1	-1E+10	1	-1E+10	1	-1E+10	1	-1E+10	1
5903753	1	C	05/23/2012	21:43	201.940	22.671	0	286.00	0	14.0580	0	34.3420	0	25.676	0	284.009	0	-1e10	1	-1e10	1	-1e10	1	-1E+10	1	-1E+10	1	-1E+10	1	-1E+10	1	-1E+10	1
5903753	1	C	05/23/2012	21:43	201.940	22.671	0	284.00	0	14.1170	0	34.3490	0	25.669	0	282.024	0	-1e10	1	-1e10	1	-1e10	1	-1E+10	1	-1E+10	1	-1E+10	1	-1E+10	1	-1E+10	1
5903753	1	C	05/23/2012	21:43	201.940	22.671	0	282.00	0	14.1660	0	34.3540	0	25.662	0	280.040	0	-1e10	1	-1e10	1	-1e10	1	-1E+10	1	-1E+10	1	-1E+10	1	-1E+10	1	-1E+10	1
5903753	1	C	05/23/2012	21:43	201.940	22.671	0	281.21	0	14.1665	0	34.3549	0	25.663	0	279.256	0	198.38	0	78.4	0	5.91	0	-1E+10	1	-1E+10	1	-1E+10	1	-1E+10	1	-1E+10	1
5903753	1	C	05/23/2012	21:43	201.940	22.671	0	280.00	0	14.2580	0	34.3630	0	25.650	0	278.055	0	-1e10	1	-1e10	1	-1e10	1	-1E+10	1	-1E+10	1	-1E+10	1	-1E+10	1	-1E+10	1
5903753	1	C	05/23/2012	21:43	201.940	22.671	0	278.00	0	14.3670	0	34.3730	0	25.634	0	276.070	0	-1e10	1	-1e10	1	-1e10	1	-1E+10	1	-1E+10	1	-1E+10	1	-1E+10	1	-1E+10	1
5903753	1	C	05/23/2012	21:43	201.940	22.671	0	276.00	0	14.3930	0	34.3770	0	25.632	0	274.085	0	-1e10	1	-1e10	1	-1e10	1	-1E+10	1	-1E+10	1	-1E+10	1	-1E+10	1	-1E+10	1
5903753	1	C	05/23/2012	21:43	201.940	22.671	0	274.00	0	14.5320	0	34.3890	0	25.612	0	272.101	0	-1e10	1	-1e10	1	-1e10	1	-1E+10	1	-1E+10	1	-1E+10	1	-1E+10	1	-1E+10	1
5903753	1	C	05/23/2012	21:43	201.940	22.671	0	272.10	0	14.6740	0	34.4020	0	25.591	0	270.215	0	-1e10	1	-1e10	1	-1e10	1	-1E+10	1	-1E+10	1	-1E+10	1	-1E+10	1	-1E+10	1
5903753	1	C	05/23/2012	21:43	201.940	22.671	0	270.84	0	14.7288	0	34.4089	0	25.585	0	268.965	0	197.09	0	78.8	0	5.10	0	-1E+10	1	-1E+10	1	-1E+10	1	-1E+10	1	-1E+10	1
5903753	1	C	05/23/2012	21:43	201.940	22.671	0	270.00	0	14.7480	0	34.4120	0	25.583	0	268.131	0	-1e10	1	-1e10	1	-1e10	1	-1E+10	1	-1E+10	1	-1E+10	1	-1E+10	1	-1E+10	1
5903753	1	C	05/23/2012	21:43	201.940	22.671	0	268.00	0	14.7880	0	34.4170	0	25.578	0	266.146	0	-1e10	1	-1e10	1	-1e10	1	-1E+10	1	-1E+10	1	-1E+10	1	-1E+10	1	-1E+10	1
5903753	1	C	05/23/2012	21:43	201.940	22.671	0	266.00	0	14.7970	0	34.4190	0	25.578	0	264.161	0	-1e10	1	-1e10	1	-1e10	1	-1E+10	1	-1E+10	1	-1E+10	1	-1E+10	1	-1E+10	1
5903753	1	C	05/23/2012	21:43	201.940	22.671	0	264.00	0	14.9190	0	34.4300	0	25.560	0	262.176	0	-1e10	1	-1e10	1	-1e10	1	-1E+10	1	-1E+10	1	-1E+10	1	-1E+10	1	-1E+10	1
5903753	1	C	05/23/2012	21:43	201.940	22.671	0	262.00	0	15.0640	0	34.4430	0	25.538	0	260.191	0	-1e10	1	-1e10	1	-1e10	1	-1E+10	1	-1E+10	1	-1E+10	1	-1E+10	1	-1E+10	1
5903753	1	C	05/23/2012	21:43	201.940	22.671	0	261.09	0	15.1640	0	34.4530	0	25.524	0	259.288	0	196.01	0	79.1	0	4.69	0	-1E+10	1	-1E+10	1	-1E+10	1	-1E+10	1	-1E+10	1
5903753	1	C	05/23/2012	21:43	201.940	22.671	0	260.00	0	15.2480	0	34.4580	0	25.509	0	258.206	0	-1e10	1	-1e10	1	-1e10	1	-1E+10	1	-1E+10	1	-1E+10	1	-1E+10	1	-1E+10	1
5903753	1	C	05/23/2012	21:43	201.940	22.671	0	258.00	0	15.4170	0	34.4740	0	25.484	0	256.221	0	-1e10	1	-1e10	1	-1e10	1	-1E+10	1	-1E+10	1	-1E+10	1	-1E+10	1	-1E+10	1
5903753	1	C	05/23/2012	21:43	201.940	22.671	0	256.00	0	15.4870	0	34.4830	0	25.475	0	254.236	0	-1e10	1	-1e10	1	-1e10	1	-1E+10	1	-1E+10	1	-1E+10	1	-1E+10	1	-1E+10	1
5903753	1	C	05/23/2012	21:43	201.940	22.671	0	254.00	0	15.5270	0	34.4880	0	25.470	0	252.251	0	-1e10	1	-1e10	1	-1e10	1	-1E+10	1	-1E+10	1	-1E+10	1	-1E+10	1	-1E+10	1
5903753	1	C	05/23/2012	21:43	201.940	22.671	0	252.00	0	15.6240	0	34.4960	0	25.455	0	250.266	0	-1e10	1	-1e10	1	-1e10	1	-1E+10	1	-1E+10	1	-1E+10	1	-1E+10	1	-1E+10	1
5903753	1	C	05/23/2012	21:43	201.940	22.671	0	251.08	0	15.6596	0	34.4991	0	25.449	0	249.353	0	195.45	0	79.6	0	4.24	0	-1E+10	1	-1E+10	1	-1E+10	1	-1E+10	1	-1E+10	1
5903753	1	C	05/23/2012	21:43	201.940	22.671	0	250.00	0	15.6870	0	34.5030	0	25.446	0	248.281	0	-1e10	1	-1e10	1	-1e10	1	-1E+10	1	-1E+10	1	-1E+10	1	-1E+10	1	-1E+10	1
5903753	1	C	05/23/2012	21:43	201.940	22.671	0	248.00	0	15.7650	0	34.5100	0	25.434	0	246.296	0	-1e10	1	-1e10	1	-1e10	1	-1E+10	1	-1E+10	1	-1E+10	1	-1E+10	1	-1E+10	1
5903753	1	C	05/23/2012	21:43	201.940	22.671	0	246.00	0	15.8220	0	34.5160	0	25.425	0	244.311	0	-1e10	1	-1e10	1	-1e10	1	-1E+10	1	-1E+10	1	-1E+10	1	-1E+10	1	-1E+10	1
5903753	1	C	05/23/2012	21:43	201.940	22.671	0	244.00	0	15.9050	0	34.5230	0	25.412	0	242.326	0	-1e10	1	-1e10	1	-1e10	1	-1E+10	1	-1E+10	1	-1E+10	1	-1E+10	1	-1E+10	1
5903753	1	C	05/23/2012	21:43	201.940	22.671	0	242.00	0	16.0700	0	34.5350	0	25.384	0	240.341	0	-1e10	1	-1e10	1	-1e10	1	-1E+10	1	-1E+10	1	-1E+10	1	-1E+10	1	-1E+10	1
5903753	1	C	05/23/2012	21:43	201.940	22.671	0	241.52	0	16.0809	0	34.5376	0	25.383	0	239.865	0	194.80	0	80.0	0	3.79	0	-1E+10	1	-1E+10	1	-1E+10	1	-1E+10	1	-1E+10	1
5903753	1	C	05/23/2012	21:43	201.940	22.671	0	240.00	0	16.1050	0	34.5420	0	25.381	0	238.356	0	-1e10	1	-1e10	1	-1e10	1	-1E+10	1	-1E+10	1	-1E+10	1	-1E+10	1	-1E+10	1
5903753	1	C	05/23/2012	21:43	201.940	22.671	0	238.00	0	16.1640	0	34.5490	0	25.373	0	236.371	0	-1e10	1	-1e10	1	-1e10	1	-1E+10	1	-1E+10	1	-1E+10	1	-1E+10	1	-1E+10	1
5903753	1	C	05/23/2012	21:43	201.940	22.671	0	236.00	0	16.3520	0	34.5690	0	25.345	0	234.386	0	-1e10	1	-1e10	1	-1e10	1	-1E+10	1	-1E+10	1	-1E+10	1	-1E+10	1	-1E+10	1
5903753	1	C	05/23/2012	21:43	201.940	22.671	0	234.00	0	16.4880	0	34.5890	0	25.329	0	232.400	0	-1e10	1	-1e10	1	-1e10	1	-1E+10	1	-1E+10	1	-1E+10	1	-1E+10	1	-1E+10	1
5903753	1	C	05/23/2012	21:43	201.940	22.671	0	232.00	0	16.6200	0	34.6070	0	25.312	0	230.415	0	-1e10	1	-1e10	1	-1e10	1	-1E+10	1	-1E+10	1	-1E+10	1	-1E+10	1	-1E+10	1
5903753	1	C	05/23/2012	21:43	201.940	22.671	0	231.49	0	16.6407	0	34.6107	0	25.310	0	229.909	0	191.74	0	79.7	0	4.36	0	-1E+10	1	-1E+10	1	-1E+10	1	-1E+10	1	-1E+10	1
5903753	1	C	05/23/2012	21:43	201.940	22.671	0	230.00	0	16.7470	0	34.6230	0	25.294	0	228.430	0	-1e10	1	-1e10	1	-1e10	1	-1E+10	1	-1E+10	1	-1E+10	1	-1E+10	1	-1E+10	1
5903753	1	C	05/23/2012	21:43	201.940	22.671	0	228.00	0	16.8170	0	34.6330	0	25.286	0	226.445	0	-1e10	1	-1e10	1	-1e10	1	-1E+10	1	-1E+10	1	-1E+10	1	-1E+10	1	-1E+10	1
5903753	1	C	05/23/2012	21:43	201.940	22.671	0	226.00	0	16.9030	0	34.6450	0	25.274	0	224.459	0	-1e10	1	-1e10	1	-1e10	1	-1E+10	1	-1E+10	1	-1E+10	1	-1E+10	1	-1E+10	1
5903753	1	C	05/23/2012	21:43	201.940	22.671	0	224.00	0	16.9740	0	34.6550	0	25.265	0	222.474	0	-1e10	1	-1e10	1	-1e10	1	-1E+10	1	-1E+10	1	-1E+10	1	-1E+10	1	-1E+10	1
5903753	1	C	05/23/2012	21:43	201.940	22.671	0	222.00	0	17.1420	0	34.6700	0	25.237	0	220.489	0	-1e10	1	-1e10	1	-1e10	1	-1E+10	1	-1E+10	1	-1E+10	1	-1E+10	1	-1E+10	1
5903753	1	C	05/23/2012	21:43	201.940	22.671	0	221.50	0	17.1922	0	34.6811	0	25.233	0	219.992	0	185.90	0	78.1	0	3.76	0	-1E+10	1	-1E+10	1	-1E+10	1	-1E+10	1	-1E+10	1
5903753	1	C	05/23/2012	21:43	201.940	22.671	0	220.00	0	17.2700	0	34.6900	0	25.222	0	218.503	0	-1e10	1	-1e10	1	-1e10	1	-1E+10	1	-1E+10	1	-1E+10	1	-1E+10	1	-1E+10	1
5903753	1	C	05/23/2012	21:43	201.940	22.671	0	218.00	0	17.4630	0	34.7100	0	25.191	0	216.518	0	-1e10	1	-1e10	1	-1e10	1	-1E+10	1	-1E+10	1	-1E+10	1	-1E+10	1	-1E+10	1
5903753	1	C	05/23/2012	21:43	201.940	22.671	0	216.00	0	17.5730	0	34.7180	0	25.170	0	214.533	0	-1e10	1	-1e10	1	-1e10	1	-1E+10	1	-1E+10	1	-1E+10	1	-1E+10	1	-1E+10	1
5903753	1	C	05/23/2012	21:43	201.940	22.671	0	214.00	0	17.5810	0	34.7170	0	25.167	0	212.547	0	-1e10	1	-1e10	1	-1e10	1	-1E+10	1	-1E+10	1	-1E+10	1	-1E+10	1	-1E+10	1
5903753	1	C	05/23/2012	21:43	201.940	22.671	0	212.00	0	17.5940	0	34.7130	0	25.161	0	210.562	0	-1e10	1	-1e10	1	-1e10	1	-1E+10	1	-1E+10	1	-1E+10	1	-1E+10	1	-1E+10	1
5903753	1	C	05/23/2012	21:43	201.940	22.671	0	211.22	0	17.6257	0	34.7157	0	25.155	0	209.788	0	183.74	0	77.8	0	3.73	0	-1E+10	1	-1E+10	1	-1E+10	1	-1E+10	1	-1E+10	1
5903753	1	C	05/23/2012	21:43	201.940	22.671	0	210.00	0	17.6900	0	34.7180	0	25.142	0	208.577	0	-1e10	1	-1e10	1	-1e10	1	-1E+10	1	-1E+10	1	-1E+10	1	-1E+10	1	-1E+10	1
5903753	1	C	05/23/2012	21:43	201.940	22.671	0	208.00	0	17.7680	0	34.7270	0	25.129	0	206.591	0	-1e10	1	-1e10	1	-1e10	1	-1E+10	1	-1E+10	1	-1E+10	1	-1E+10	1	-1E+10	1
5903753	1	C	05/23/2012	21:43	201.940	22.671	0	206.00	0	17.8880	0	34.7380	0	25.109	0	204.606	0	-1e10	1	-1e10	1	-1e10	1	-1E+10	1	-1E+10	1	-1E+10	1	-1E+10	1	-1E+10	1
5903753	1	C	05/23/2012	21:43	201.940	22.671	0	204.00	0	17.9680	0	34.7510	0	25.099	0	202.620	0	-1e10	1	-1e10	1	-1e10	1	-1E+10	1	-1E+10	1	-1E+10	1	-1E+10	1	-1E+10	1
5903753	1	C	05/23/2012	21:43	201.940	22.671	0	202.00	0	18.1330	0	34.7690	0	25.072	0	200.635	0	-1e10	1	-1e10	1	-1e10	1	-1E+10	1	-1E+10	1	-1E+10	1	-1E+10	1	-1E+10	1
5903753	1	C	05/23/2012	21:43	201.940	22.671	0	201.06	0	18.1899	0	34.7782	0	25.065	0	199.701	0	180.60	0	77.3	0	3.17	0	-1E+10	1	-1E+10	1	-1E+10	1	-1E+10	1	-1E+10	1
5903753	1	C	05/23/2012	21:43	201.940	22.671	0	200.00	0	18.2800	0	34.7880	0	25.050	0	198.649	0	-1e10	1	-1e10	1	-1e10	1	-1E+10	1	-1E+10	1	-1E+10	1	-1E+10	1	-1E+10	1
5903753	1	C	05/23/2012	21:43	201.940	22.671	0	198.00	0	18.3790	0	34.8050	0	25.038	0	196.664	0	-1e10	1	-1e10	1	-1e10	1	-1E+10	1	-1E+10	1	-1E+10	1	-1E+10	1	-1E+10	1
5903753	1	C	05/23/2012	21:43	201.940	22.671	0	196.00	0	18.4060	0	34.8110	0	25.036	0	194.678	0	-1e10	1	-1e10	1	-1e10	1	-1E+10	1	-1E+10	1	-1E+10	1	-1E+10	1	-1E+10	1
5903753	1	C	05/23/2012	21:43	201.940	22.671	0	194.00	0	18.4600	0	34.8150	0	25.026	0	192.692	0	-1e10	1	-1e10	1	-1e10	1	-1E+10	1	-1E+10	1	-1E+10	1	-1E+10	1	-1E+10	1
5903753	1	C	05/23/2012	21:43	201.940	22.671	0	192.00	0	18.5320	0	34.8240	0	25.015	0	190.707	0	-1e10	1	-1e10	1	-1e10	1	-1E+10	1	-1E+10	1	-1E+10	1	-1E+10	1	-1E+10	1
5903753	1	C	05/23/2012	21:43	201.940	22.671	0	190.91	0	18.5739	0	34.8294	0	25.008	0	189.625	0	181.75	0	78.4	0	3.38	0	-1E+10	1	-1E+10	1	-1E+10	1	-1E+10	1	-1E+10	1
5903753	1	C	05/23/2012	21:43	201.940	22.671	0	190.00	0	18.5960	0	34.8350	0	25.007	0	188.721	0	-1e10	1	-1e10	1	-1e10	1	-1E+10	1	-1E+10	1	-1E+10	1	-1E+10	1	-1E+10	1
5903753	1	C	05/23/2012	21:43	201.940	22.671	0	188.00	0	18.9010	0	34.8700	0	24.957	0	186.736	0	-1e10	1	-1e10	1	-1e10	1	-1E+10	1	-1E+10	1	-1E+10	1	-1E+10	1	-1E+10	1
5903753	1	C	05/23/2012	21:43	201.940	22.671	0	186.00	0	19.0990	0	34.9000	0	24.929	0	184.750	0	-1e10	1	-1e10	1	-1e10	1	-1E+10	1	-1E+10	1	-1E+10	1	-1E+10	1	-1E+10	1
5903753	1	C	05/23/2012	21:43	201.940	22.671	0	184.00	0	19.1380	0	34.9070	0	24.924	0	182.764	0	-1e10	1	-1e10	1	-1e10	1	-1E+10	1	-1E+10	1	-1E+10	1	-1E+10	1	-1E+10	1
5903753	1	C	05/23/2012	21:43	201.940	22.671	0	182.00	0	19.1740	0	34.9110	0	24.918	0	180.779	0	-1e10	1	-1e10	1	-1e10	1	-1E+10	1	-1E+10	1	-1E+10	1	-1E+10	1	-1E+10	1
5903753	1	C	05/23/2012	21:43	201.940	22.671	0	181.40	0	19.1800	0	34.9125	0	24.918	0	180.183	0	183.44	0	80.1	0	2.61	0	-1E+10	1	-1E+10	1	-1E+10	1	-1E+10	1	-1E+10	1
5903753	1	C	05/23/2012	21:43	201.940	22.671	0	180.00	0	19.1940	0	34.9130	0	24.914	0	178.793	0	-1e10	1	-1e10	1	-1e10	1	-1E+10	1	-1E+10	1	-1E+10	1	-1E+10	1	-1E+10	1
5903753	1	C	05/23/2012	21:43	201.940	22.671	0	178.00	0	19.2410	0	34.9170	0	24.905	0	176.807	0	-1e10	1	-1e10	1	-1e10	1	-1E+10	1	-1E+10	1	-1E+10	1	-1E+10	1	-1E+10	1
5903753	1	C	05/23/2012	21:43	201.940	22.671	0	176.00	0	19.3020	0	34.9240	0	24.895	0	174.821	0	-1e10	1	-1e10	1	-1e10	1	-1E+10	1	-1E+10	1	-1E+10	1	-1E+10	1	-1E+10	1
5903753	1	C	05/23/2012	21:43	201.940	22.671	0	174.00	0	19.3920	0	34.9360	0	24.881	0	172.836	0	-1e10	1	-1e10	1	-1e10	1	-1E+10	1	-1E+10	1	-1E+10	1	-1E+10	1	-1E+10	1
5903753	1	C	05/23/2012	21:43	201.940	22.671	0	172.00	0	19.6100	0	34.9620	0	24.844	0	170.850	0	-1e10	1	-1e10	1	-1e10	1	-1E+10	1	-1E+10	1	-1E+10	1	-1E+10	1	-1E+10	1
5903753	1	C	05/23/2012	21:43	201.940	22.671	0	171.60	0	19.6548	0	34.9665	0	24.836	0	170.453	0	183.89	0	81.0	0	2.13	0	-1E+10	1	-1E+10	1	-1E+10	1	-1E+10	1	-1E+10	1
5903753	1	C	05/23/2012	21:43	201.940	22.671	0	170.00	0	19.6840	0	34.9740	0	24.834	0	168.864	0	-1e10	1	-1e10	1	-1e10	1	-1E+10	1	-1E+10	1	-1E+10	1	-1E+10	1	-1E+10	1
5903753	1	C	05/23/2012	21:43	201.940	22.671	0	168.00	0	19.8490	0	34.9990	0	24.810	0	166.878	0	-1e10	1	-1e10	1	-1e10	1	-1E+10	1	-1E+10	1	-1E+10	1	-1E+10	1	-1E+10	1
5903753	1	C	05/23/2012	21:43	201.940	22.671	0	166.00	0	19.9480	0	35.0210	0	24.801	0	164.892	0	-1e10	1	-1e10	1	-1e10	1	-1E+10	1	-1E+10	1	-1E+10	1	-1E+10	1	-1E+10	1
5903753	1	C	05/23/2012	21:43	201.940	22.671	0	164.00	0	20.1180	0	35.0540	0	24.781	0	162.906	0	-1e10	1	-1e10	1	-1e10	1	-1E+10	1	-1E+10	1	-1E+10	1	-1E+10	1	-1E+10	1
5903753	1	C	05/23/2012	21:43	201.940	22.671	0	162.00	0	20.2890	0	35.0760	0	24.752	0	160.921	0	-1e10	1	-1e10	1	-1e10	1	-1E+10	1	-1E+10	1	-1E+10	1	-1E+10	1	-1E+10	1
5903753	1	C	05/23/2012	21:43	201.940	22.671	0	161.23	0	20.2880	0	35.0749	0	24.752	0	160.156	0	187.20	0	83.5	0	1.45	0	-1E+10	1	-1E+10	1	-1E+10	1	-1E+10	1	-1E+10	1
5903753	1	C	05/23/2012	21:43	201.940	22.671	0	160.00	0	20.2830	0	35.0720	0	24.751	0	158.935	0	-1e10	1	-1e10	1	-1e10	1	-1E+10	1	-1E+10	1	-1E+10	1	-1E+10	1	-1E+10	1
5903753	1	C	05/23/2012	21:43	201.940	22.671	0	158.00	0	20.4730	0	35.0760	0	24.703	0	156.949	0	-1e10	1	-1e10	1	-1e10	1	-1E+10	1	-1E+10	1	-1E+10	1	-1E+10	1	-1E+10	1
5903753	1	C	05/23/2012	21:43	201.940	22.671	0	156.00	0	20.5830	0	35.0880	0	24.683	0	154.963	0	-1e10	1	-1e10	1	-1e10	1	-1E+10	1	-1E+10	1	-1E+10	1	-1E+10	1	-1E+10	1
5903753	1	C	05/23/2012	21:43	201.940	22.671	0	154.00	0	20.6250	0	35.0910	0	24.674	0	152.977	0	-1e10	1	-1e10	1	-1e10	1	-1E+10	1	-1E+10	1	-1E+10	1	-1E+10	1	-1E+10	1
5903753	1	C	05/23/2012	21:43	201.940	22.671	0	152.00	0	20.7580	0	35.0970	0	24.643	0	150.991	0	-1e10	1	-1e10	1	-1e10	1	-1E+10	1	-1E+10	1	-1E+10	1	-1E+10	1	-1E+10	1
5903753	1	C	05/23/2012	21:43	201.940	22.671	0	151.49	0	20.7638	0	35.0984	0	24.642	0	150.484	0	188.87	0	85.0	0	1.55	0	-1E+10	1	-1E+10	1	-1E+10	1	-1E+10	1	-1E+10	1
5903753	1	C	05/23/2012	21:43	201.940	22.671	0	150.00	0	20.7880	0	35.0960	0	24.634	0	149.005	0	-1e10	1	-1e10	1	-1e10	1	-1E+10	1	-1E+10	1	-1E+10	1	-1E+10	1	-1E+10	1
5903753	1	C	05/23/2012	21:43	201.940	22.671	0	148.00	0	20.9210	0	35.1020	0	24.602	0	147.019	0	-1e10	1	-1e10	1	-1e10	1	-1E+10	1	-1E+10	1	-1E+10	1	-1E+10	1	-1E+10	1
5903753	1	C	05/23/2012	21:43	201.940	22.671	0	146.00	0	21.2880	0	35.1500	0	24.539	0	145.033	0	-1e10	1	-1e10	1	-1e10	1	-1E+10	1	-1E+10	1	-1E+10	1	-1E+10	1	-1E+10	1
5903753	1	C	05/23/2012	21:43	201.940	22.671	0	144.00	0	21.4870	0	35.1880	0	24.513	0	143.047	0	-1e10	1	-1e10	1	-1e10	1	-1E+10	1	-1E+10	1	-1E+10	1	-1E+10	1	-1E+10	1
5903753	1	C	05/23/2012	21:43	201.940	22.671	0	142.00	0	21.6040	0	35.2060	0	24.494	0	141.061	0	-1e10	1	-1e10	1	-1e10	1	-1E+10	1	-1E+10	1	-1E+10	1	-1E+10	1	-1E+10	1
5903753	1	C	05/23/2012	21:43	201.940	22.671	0	141.65	0	21.6222	0	35.2101	0	24.492	0	140.713	0	192.19	0	87.8	0	0.54	0	-1E+10	1	-1E+10	1	-1E+10	1	-1E+10	1	-1E+10	1
5903753	1	C	05/23/2012	21:43	201.940	22.671	0	140.00	0	21.7400	0	35.2190	0	24.466	0	139.075	0	-1e10	1	-1e10	1	-1e10	1	-1E+10	1	-1E+10	1	-1E+10	1	-1E+10	1	-1E+10	1
5903753	1	C	05/23/2012	21:43	201.940	22.671	0	138.00	0	21.7700	0	35.2260	0	24.463	0	137.088	0	-1e10	1	-1e10	1	-1e10	1	-1E+10	1	-1E+10	1	-1E+10	1	-1E+10	1	-1E+10	1
5903753	1	C	05/23/2012	21:43	201.940	22.671	0	136.00	0	21.8050	0	35.2320	0	24.458	0	135.102	0	-1e10	1	-1e10	1	-1e10	1	-1E+10	1	-1E+10	1	-1E+10	1	-1E+10	1	-1E+10	1
5903753	1	C	05/23/2012	21:43	201.940	22.671	0	134.00	0	21.8830	0	35.2420	0	24.443	0	133.116	0	-1e10	1	-1e10	1	-1e10	1	-1E+10	1	-1E+10	1	-1E+10	1	-1E+10	1	-1E+10	1
5903753	1	C	05/23/2012	21:43	201.940	22.671	0	132.00	0	22.0250	0	35.2570	0	24.415	0	131.130	0	-1e10	1	-1e10	1	-1e10	1	-1E+10	1	-1E+10	1	-1E+10	1	-1E+10	1	-1E+10	1
5903753	1	C	05/23/2012	21:43	201.940	22.671	0	131.50	0	22.0730	0	35.2632	0	24.406	0	130.633	0	198.02	0	91.2	0	-0.17	0	-1E+10	1	-1E+10	1	-1E+10	1	-1E+10	1	-1E+10	1
5903753	1	C	05/23/2012	21:43	201.940	22.671	0	130.00	0	22.1450	0	35.2710	0	24.392	0	129.144	0	-1e10	1	-1e10	1	-1e10	1	-1E+10	1	-1E+10	1	-1E+10	1	-1E+10	1	-1E+10	1
5903753	1	C	05/23/2012	21:43	201.940	22.671	0	128.00	0	22.2460	0	35.2590	0	24.354	0	127.158	0	-1e10	1	-1e10	1	-1e10	1	-1E+10	1	-1E+10	1	-1E+10	1	-1E+10	1	-1E+10	1
5903753	1	C	05/23/2012	21:43	201.940	22.671	0	126.00	0	22.2320	0	35.2370	0	24.341	0	125.171	0	-1e10	1	-1e10	1	-1e10	1	-1E+10	1	-1E+10	1	-1E+10	1	-1E+10	1	-1E+10	1
5903753	1	C	05/23/2012	21:43	201.940	22.671	0	124.10	0	22.3570	0	35.2290	0	24.300	0	123.284	0	-1e10	1	-1e10	1	-1e10	1	-1E+10	1	-1E+10	1	-1E+10	1	-1E+10	1	-1E+10	1
5903753	1	C	05/23/2012	21:43	201.940	22.671	0	122.00	0	22.5320	0	35.2330	0	24.253	0	121.199	0	-1e10	1	-1e10	1	-1e10	1	-1E+10	1	-1E+10	1	-1E+10	1	-1E+10	1	-1E+10	1
5903753	1	C	05/23/2012	21:43	201.940	22.671	0	121.49	0	22.5591	0	35.2312	0	24.244	0	120.692	0	201.26	0	93.5	0	-0.27	0	-1E+10	1	-1E+10	1	-1E+10	1	-1E+10	1	-1E+10	1
5903753	1	C	05/23/2012	21:43	201.940	22.671	0	120.00	0	22.6840	0	35.2300	0	24.207	0	119.213	0	-1e10	1	-1e10	1	-1e10	1	-1E+10	1	-1E+10	1	-1E+10	1	-1E+10	1	-1E+10	1
5903753	1	C	05/23/2012	21:43	201.940	22.671	0	118.00	0	22.7190	0	35.2180	0	24.188	0	117.226	0	-1e10	1	-1e10	1	-1e10	1	-1E+10	1	-1E+10	1	-1E+10	1	-1E+10	1	-1E+10	1
5903753	1	C	05/23/2012	21:43	201.940	22.671	0	116.00	0	22.7850	0	35.2080	0	24.162	0	115.240	0	-1e10	1	-1e10	1	-1e10	1	-1E+10	1	-1E+10	1	-1E+10	1	-1E+10	1	-1E+10	1
5903753	1	C	05/23/2012	21:43	201.940	22.671	0	114.00	0	22.8720	0	35.1980	0	24.129	0	113.254	0	-1e10	1	-1e10	1	-1e10	1	-1E+10	1	-1E+10	1	-1E+10	1	-1E+10	1	-1E+10	1
5903753	1	C	05/23/2012	21:43	201.940	22.671	0	112.00	0	22.9430	0	35.1900	0	24.102	0	111.267	0	-1e10	1	-1e10	1	-1e10	1	-1E+10	1	-1E+10	1	-1E+10	1	-1E+10	1	-1E+10	1
5903753	1	C	05/23/2012	21:43	201.940	22.671	0	111.59	0	22.9575	0	35.1890	0	24.097	0	110.860	0	210.68	0	98.5	0	-0.40	0	-1E+10	1	-1E+10	1	-1E+10	1	-1E+10	1	-1E+10	1
5903753	1	C	05/23/2012	21:43	201.940	22.671	0	110.00	0	22.9670	0	35.1900	0	24.095	0	109.281	0	-1e10	1	-1e10	1	-1e10	1	-1E+10	1	-1E+10	1	-1E+10	1	-1E+10	1	-1E+10	1
5903753	1	C	05/23/2012	21:43	201.940	22.671	0	108.00	0	23.0390	0	35.1820	0	24.068	0	107.294	0	-1e10	1	-1e10	1	-1e10	1	-1E+10	1	-1E+10	1	-1E+10	1	-1E+10	1	-1E+10	1
5903753	1	C	05/23/2012	21:43	201.940	22.671	0	106.00	0	23.1030	0	35.1750	0	24.044	0	105.308	0	-1e10	1	-1e10	1	-1e10	1	-1E+10	1	-1E+10	1	-1E+10	1	-1E+10	1	-1E+10	1
5903753	1	C	05/23/2012	21:43	201.940	22.671	0	104.00	0	23.1740	0	35.1690	0	24.019	0	103.322	0	-1e10	1	-1e10	1	-1e10	1	-1E+10	1	-1E+10	1	-1E+10	1	-1E+10	1	-1E+10	1
5903753	1	C	05/23/2012	21:43	201.940	22.671	0	102.00	0	23.2370	0	35.1620	0	23.996	0	101.335	0	-1e10	1	-1e10	1	-1e10	1	-1E+10	1	-1E+10	1	-1E+10	1	-1E+10	1	-1E+10	1
5903753	1	C	05/23/2012	21:43	201.940	22.671	0	101.28	0	23.2523	0	35.1602	0	23.990	0	100.620	0	212.97	0	100.1	0	-0.05	0	-1E+10	1	-1E+10	1	-1E+10	1	-1E+10	1	-1E+10	1
5903753	1	C	05/23/2012	21:43	201.940	22.671	0	100.00	0	23.2690	0	35.1580	0	23.983	0	99.349	0	-1e10	1	-1e10	1	-1e10	1	-1E+10	1	-1E+10	1	-1E+10	1	-1E+10	1	-1E+10	1
5903753	1	C	05/23/2012	21:43	201.940	22.671	0	98.00	0	23.3170	0	35.1550	0	23.967	0	97.362	0	-1e10	1	-1e10	1	-1e10	1	-1E+10	1	-1E+10	1	-1E+10	1	-1E+10	1	-1E+10	1
5903753	1	C	05/23/2012	21:43	201.940	22.671	0	96.16	0	23.3485	0	35.1563	0	23.959	0	95.534	0	213.54	0	100.5	0	-0.01	0	-1E+10	1	-1E+10	1	-1E+10	1	-1E+10	1	-1E+10	1
5903753	1	C	05/23/2012	21:43	201.940	22.671	0	96.00	0	23.3520	0	35.1560	0	23.957	0	95.376	0	-1e10	1	-1e10	1	-1e10	1	-1E+10	1	-1E+10	1	-1E+10	1	-1E+10	1	-1E+10	1
5903753	1	C	05/23/2012	21:43	201.940	22.671	0	94.00	0	23.3890	0	35.1550	0	23.946	0	93.389	0	-1e10	1	-1e10	1	-1e10	1	-1E+10	1	-1E+10	1	-1E+10	1	-1E+10	1	-1E+10	1
5903753	1	C	05/23/2012	21:43	201.940	22.671	0	92.00	0	23.4100	0	35.1530	0	23.938	0	91.402	0	-1e10	1	-1e10	1	-1e10	1	-1E+10	1	-1E+10	1	-1E+10	1	-1E+10	1	-1E+10	1
5903753	1	C	05/23/2012	21:43	201.940	22.671	0	90.96	0	23.4112	0	35.1529	0	23.937	0	90.369	0	213.80	0	100.8	0	-0.23	0	-1E+10	1	-1E+10	1	-1E+10	1	-1E+10	1	-1E+10	1
5903753	1	C	05/23/2012	21:43	201.940	22.671	0	90.00	0	23.4120	0	35.1520	0	23.936	0	89.416	0	-1e10	1	-1e10	1	-1e10	1	-1E+10	1	-1E+10	1	-1E+10	1	-1E+10	1	-1E+10	1
5903753	1	C	05/23/2012	21:43	201.940	22.671	0	88.00	0	23.4140	0	35.1500	0	23.934	0	87.429	0	-1e10	1	-1e10	1	-1e10	1	-1E+10	1	-1E+10	1	-1E+10	1	-1E+10	1	-1E+10	1
5903753	1	C	05/23/2012	21:43	201.940	22.671	0	86.63	0	23.4214	0	35.1439	0	23.927	0	86.068	0	214.12	0	100.9	0	-0.28	0	-1E+10	1	-1E+10	1	-1E+10	1	-1E+10	1	-1E+10	1
5903753	1	C	05/23/2012	21:43	201.940	22.671	0	86.00	0	23.4270	0	35.1430	0	23.925	0	85.443	0	-1e10	1	-1e10	1	-1e10	1	-1E+10	1	-1E+10	1	-1E+10	1	-1E+10	1	-1E+10	1
5903753	1	C	05/23/2012	21:43	201.940	22.671	0	84.00	0	23.4400	0	35.1400	0	23.919	0	83.456	0	-1e10	1	-1e10	1	-1e10	1	-1E+10	1	-1E+10	1	-1E+10	1	-1E+10	1	-1E+10	1
5903753	1	C	05/23/2012	21:43	201.940	22.671	0	82.00	0	23.4440	0	35.1400	0	23.918	0	81.469	0	-1e10	1	-1e10	1	-1e10	1	-1E+10	1	-1E+10	1	-1E+10	1	-1E+10	1	-1E+10	1
5903753	1	C	05/23/2012	21:43	201.940	22.671	0	81.49	0	23.4443	0	35.1400	0	23.917	0	80.963	0	214.63	0	101.2	0	0.13	0	-1E+10	1	-1E+10	1	-1E+10	1	-1E+10	1	-1E+10	1
5903753	1	C	05/23/2012	21:43	201.940	22.671	0	80.00	0	23.4490	0	35.1390	0	23.915	0	79.483	0	-1e10	1	-1e10	1	-1e10	1	-1E+10	1	-1E+10	1	-1E+10	1	-1E+10	1	-1E+10	1
5903753	1	C	05/23/2012	21:43	201.940	22.671	0	78.00	0	23.4580	0	35.1380	0	23.912	0	77.496	0	-1e10	1	-1e10	1	-1e10	1	-1E+10	1	-1E+10	1	-1E+10	1	-1E+10	1	-1E+10	1
5903753	1	C	05/23/2012	21:43	201.940	22.671	0	76.62	0	23.4792	0	35.1340	0	23.902	0	76.125	0	214.82	0	101.3	0	-0.11	0	-1E+10	1	-1E+10	1	-1E+10	1	-1E+10	1	-1E+10	1
5903753	1	C	05/23/2012	21:43	201.940	22.671	0	76.00	0	23.4890	0	35.1330	0	23.899	0	75.509	0	-1e10	1	-1e10	1	-1e10	1	-1E+10	1	-1E+10	1	-1E+10	1	-1E+10	1	-1E+10	1
5903753	1	C	05/23/2012	21:43	201.940	22.671	0	74.00	0	23.5050	0	35.1300	0	23.892	0	73.523	0	-1e10	1	-1e10	1	-1e10	1	-1E+10	1	-1E+10	1	-1E+10	1	-1E+10	1	-1E+10	1
5903753	1	C	05/23/2012	21:43	201.940	22.671	0	72.00	0	23.5220	0	35.1310	0	23.887	0	71.536	0	-1e10	1	-1e10	1	-1e10	1	-1E+10	1	-1E+10	1	-1E+10	1	-1E+10	1	-1E+10	1
5903753	1	C	05/23/2012	21:43	201.940	22.671	0	71.35	0	23.5370	0	35.1311	0	23.883	0	70.890	0	215.03	0	101.5	0	-0.17	0	-1E+10	1	-1E+10	1	-1E+10	1	-1E+10	1	-1E+10	1
5903753	1	C	05/23/2012	21:43	201.940	22.671	0	70.00	0	23.5770	0	35.1300	0	23.870	0	69.549	0	-1e10	1	-1e10	1	-1e10	1	-1E+10	1	-1E+10	1	-1E+10	1	-1E+10	1	-1E+10	1
5903753	1	C	05/23/2012	21:43	201.940	22.671	0	68.00	0	23.6030	0	35.1300	0	23.863	0	67.562	0	-1e10	1	-1e10	1	-1e10	1	-1E+10	1	-1E+10	1	-1E+10	1	-1E+10	1	-1E+10	1
5903753	1	C	05/23/2012	21:43	201.940	22.671	0	66.72	0	23.6297	0	35.1298	0	23.855	0	66.291	0	215.04	0	101.7	0	-0.09	0	-1E+10	1	-1E+10	1	-1E+10	1	-1E+10	1	-1E+10	1
5903753	1	C	05/23/2012	21:43	201.940	22.671	0	66.00	0	23.6460	0	35.1310	0	23.851	0	65.575	0	-1e10	1	-1e10	1	-1e10	1	-1E+10	1	-1E+10	1	-1E+10	1	-1E+10	1	-1E+10	1
5903753	1	C	05/23/2012	21:43	201.940	22.671	0	64.00	0	23.6820	0	35.1360	0	23.844	0	63.589	0	-1e10	1	-1e10	1	-1e10	1	-1E+10	1	-1E+10	1	-1E+10	1	-1E+10	1	-1E+10	1
5903753	1	C	05/23/2012	21:43	201.940	22.671	0	62.00	0	23.7080	0	35.1410	0	23.840	0	61.602	0	-1e10	1	-1e10	1	-1e10	1	-1E+10	1	-1E+10	1	-1E+10	1	-1E+10	1	-1E+10	1
5903753	1	C	05/23/2012	21:43	201.940	22.671	0	61.27	0	23.7145	0	35.1417	0	23.838	0	60.877	0	215.10	0	101.9	0	0.07	0	-1E+10	1	-1E+10	1	-1E+10	1	-1E+10	1	-1E+10	1
5903753	1	C	05/23/2012	21:43	201.940	22.671	0	60.00	0	23.7270	0	35.1440	0	23.836	0	59.615	0	-1e10	1	-1e10	1	-1e10	1	-1E+10	1	-1E+10	1	-1E+10	1	-1E+10	1	-1E+10	1
5903753	1	C	05/23/2012	21:43	201.940	22.671	0	58.00	0	23.7520	0	35.1470	0	23.831	0	57.628	0	-1e10	1	-1e10	1	-1e10	1	-1E+10	1	-1E+10	1	-1E+10	1	-1E+10	1	-1E+10	1
5903753	1	C	05/23/2012	21:43	201.940	22.671	0	56.73	0	23.7504	0	35.1402	0	23.826	0	56.366	0	215.09	0	101.9	0	-0.13	0	-1E+10	1	-1E+10	1	-1E+10	1	-1E+10	1	-1E+10	1
5903753	1	C	05/23/2012	21:43	201.940	22.671	0	56.00	0	23.7450	0	35.1370	0	23.826	0	55.641	0	-1e10	1	-1e10	1	-1e10	1	-1E+10	1	-1E+10	1	-1E+10	1	-1E+10	1	-1E+10	1
5903753	1	C	05/23/2012	21:43	201.940	22.671	0	54.00	0	23.7820	0	35.1330	0	23.811	0	53.654	0	-1e10	1	-1e10	1	-1e10	1	-1E+10	1	-1E+10	1	-1E+10	1	-1E+10	1	-1E+10	1
5903753	1	C	05/23/2012	21:43	201.940	22.671	0	52.00	0	23.9050	0	35.1260	0	23.770	0	51.667	0	-1e10	1	-1e10	1	-1e10	1	-1E+10	1	-1E+10	1	-1E+10	1	-1E+10	1	-1E+10	1
5903753	1	C	05/23/2012	21:43	201.940	22.671	0	51.59	0	23.9481	0	35.1245	0	23.756	0	51.260	0	214.46	0	102.0	0	0.19	0	-1E+10	1	-1E+10	1	-1E+10	1	-1E+10	1	-1E+10	1
5903753	1	C	05/23/2012	21:43	201.940	22.671	0	50.00	0	24.0700	0	35.1250	0	23.720	0	49.680	0	-1e10	1	-1e10	1	-1e10	1	-1E+10	1	-1E+10	1	-1E+10	1	-1E+10	1	-1E+10	1
5903753	1	C	05/23/2012	21:43	201.940	22.671	0	48.00	0	24.1780	0	35.1270	0	23.689	0	47.693	0	-1e10	1	-1e10	1	-1e10	1	-1E+10	1	-1E+10	1	-1E+10	1	-1E+10	1	-1E+10	1
5903753	1	C	05/23/2012	21:43	201.940	22.671	0	46.60	0	24.2171	0	35.1281	0	23.678	0	46.302	0	213.27	0	101.9	0	0.08	0	-1E+10	1	-1E+10	1	-1E+10	1	-1E+10	1	-1E+10	1
5903753	1	C	05/23/2012	21:43	201.940	22.671	0	46.00	0	24.2270	0	35.1290	0	23.676	0	45.706	0	-1e10	1	-1e10	1	-1e10	1	-1E+10	1	-1E+10	1	-1E+10	1	-1E+10	1	-1E+10	1
5903753	1	C	05/23/2012	21:43	201.940	22.671	0	44.00	0	24.2570	0	35.1310	0	23.669	0	43.719	0	-1e10	1	-1e10	1	-1e10	1	-1E+10	1	-1E+10	1	-1E+10	1	-1E+10	1	-1E+10	1
5903753	1	C	05/23/2012	21:43	201.940	22.671	0	42.00	0	24.2830	0	35.1320	0	23.662	0	41.732	0	-1e10	1	-1e10	1	-1e10	1	-1E+10	1	-1E+10	1	-1E+10	1	-1E+10	1	-1E+10	1
5903753	1	C	05/23/2012	21:43	201.940	22.671	0	41.59	0	24.2873	0	35.1317	0	23.660	0	41.325	0	212.71	0	101.7	0	0.01	0	-1E+10	1	-1E+10	1	-1E+10	1	-1E+10	1	-1E+10	1
5903753	1	C	05/23/2012	21:43	201.940	22.671	0	40.00	0	24.3030	0	35.1330	0	23.656	0	39.745	0	-1e10	1	-1e10	1	-1e10	1	-1E+10	1	-1E+10	1	-1E+10	1	-1E+10	1	-1E+10	1
5903753	1	C	05/23/2012	21:43	201.940	22.671	0	38.00	0	24.3230	0	35.1350	0	23.652	0	37.758	0	-1e10	1	-1e10	1	-1e10	1	-1E+10	1	-1E+10	1	-1E+10	1	-1E+10	1	-1E+10	1
5903753	1	C	05/23/2012	21:43	201.940	22.671	0	36.88	0	24.3498	0	35.1359	0	23.644	0	36.645	0	212.25	0	101.6	0	0.13	0	-1E+10	1	-1E+10	1	-1E+10	1	-1E+10	1	-1E+10	1
5903753	1	C	05/23/2012	21:43	201.940	22.671	0	36.00	0	24.3490	0	35.1360	0	23.644	0	35.771	0	-1e10	1	-1e10	1	-1e10	1	-1E+10	1	-1E+10	1	-1E+10	1	-1E+10	1	-1E+10	1
5903753	1	C	05/23/2012	21:43	201.940	22.671	0	34.00	0	24.3480	0	35.1360	0	23.645	0	33.784	0	-1e10	1	-1e10	1	-1e10	1	-1E+10	1	-1E+10	1	-1E+10	1	-1E+10	1	-1E+10	1
5903753	1	C	05/23/2012	21:43	201.940	22.671	0	32.10	0	24.3500	0	35.1360	0	23.644	0	31.896	0	-1e10	1	-1e10	1	-1e10	1	-1E+10	1	-1E+10	1	-1E+10	1	-1E+10	1	-1E+10	1
5903753	1	C	05/23/2012	21:43	201.940	22.671	0	31.59	0	24.3501	0	35.1358	0	23.644	0	31.389	0	212.38	0	101.7	0	-0.07	0	-1E+10	1	-1E+10	1	-1E+10	1	-1E+10	1	-1E+10	1
5903753	1	C	05/23/2012	21:43	201.940	22.671	0	30.00	0	24.3500	0	35.1350	0	23.643	0	29.810	0	-1e10	1	-1e10	1	-1e10	1	-1E+10	1	-1E+10	1	-1E+10	1	-1E+10	1	-1E+10	1
5903753	1	C	05/23/2012	21:43	201.940	22.671	0	28.00	0	24.3480	0	35.1350	0	23.643	0	27.822	0	-1e10	1	-1e10	1	-1e10	1	-1E+10	1	-1E+10	1	-1E+10	1	-1E+10	1	-1E+10	1
5903753	1	C	05/23/2012	21:43	201.940	22.671	0	26.60	0	24.3471	0	35.1349	0	23.644	0	26.431	0	212.23	0	101.6	0	0.02	0	-1E+10	1	-1E+10	1	-1E+10	1	-1E+10	1	-1E+10	1
5903753	1	C	05/23/2012	21:43	201.940	22.671	0	26.00	0	24.3500	0	35.1350	0	23.643	0	25.835	0	-1e10	1	-1e10	1	-1e10	1	-1E+10	1	-1E+10	1	-1E+10	1	-1E+10	1	-1E+10	1
5903753	1	C	05/23/2012	21:43	201.940	22.671	0	24.00	0	24.3570	0	35.1340	0	23.640	0	23.848	0	-1e10	1	-1e10	1	-1e10	1	-1E+10	1	-1E+10	1	-1E+10	1	-1E+10	1	-1E+10	1
5903753	1	C	05/23/2012	21:43	201.940	22.671	0	22.00	0	24.3510	0	35.1340	0	23.641	0	21.861	0	-1e10	1	-1e10	1	-1e10	1	-1E+10	1	-1E+10	1	-1E+10	1	-1E+10	1	-1E+10	1
5903753	1	C	05/23/2012	21:43	201.940	22.671	0	21.67	0	24.3475	0	35.1352	0	23.643	0	21.533	0	212.28	0	101.6	0	0.01	0	-1E+10	1	-1E+10	1	-1E+10	1	-1E+10	1	-1E+10	1
5903753	1	C	05/23/2012	21:43	201.940	22.671	0	20.00	0	24.3520	0	35.1340	0	23.641	0	19.874	0	-1e10	1	-1e10	1	-1e10	1	-1E+10	1	-1E+10	1	-1E+10	1	-1E+10	1	-1E+10	1
5903753	1	C	05/23/2012	21:43	201.940	22.671	0	18.00	0	24.3570	0	35.1330	0	23.639	0	17.886	0	-1e10	1	-1e10	1	-1e10	1	-1E+10	1	-1E+10	1	-1E+10	1	-1E+10	1	-1E+10	1
5903753	1	C	05/23/2012	21:43	201.940	22.671	0	16.48	0	24.3624	0	35.1332	0	23.637	0	16.376	0	212.36	0	101.7	0	-0.15	0	-1E+10	1	-1E+10	1	-1E+10	1	-1E+10	1	-1E+10	1
5903753	1	C	05/23/2012	21:43	201.940	22.671	0	16.00	0	24.3630	0	35.1330	0	23.637	0	15.899	0	-1e10	1	-1e10	1	-1e10	1	-1E+10	1	-1E+10	1	-1E+10	1	-1E+10	1	-1E+10	1
5903753	1	C	05/23/2012	21:43	201.940	22.671	0	14.00	0	24.3660	0	35.1340	0	23.636	0	13.912	0	-1e10	1	-1e10	1	-1e10	1	-1E+10	1	-1E+10	1	-1E+10	1	-1E+10	1	-1E+10	1
5903753	1	C	05/23/2012	21:43	201.940	22.671	0	12.00	0	24.3680	0	35.1340	0	23.636	0	11.924	0	-1e10	1	-1e10	1	-1e10	1	-1E+10	1	-1E+10	1	-1E+10	1	-1E+10	1	-1E+10	1
5903753	1	C	05/23/2012	21:43	201.940	22.671	0	11.76	0	24.3685	0	35.1341	0	23.636	0	11.686	0	212.19	0	101.6	0	0.25	0	-1E+10	1	-1E+10	1	-1E+10	1	-1E+10	1	-1E+10	1
5903753	1	C	05/23/2012	21:43	201.940	22.671	0	10.00	0	24.3680	0	35.1340	0	23.636	0	9.937	0	-1e10	1	-1e10	1	-1e10	1	-1E+10	1	-1E+10	1	-1E+10	1	-1E+10	1	-1E+10	1
5903753	1	C	05/23/2012	21:43	201.940	22.671	0	7.90	0	24.3660	0	35.1340	0	23.636	0	7.850	0	-1e10	1	-1e10	1	-1e10	1	-1E+10	1	-1E+10	1	-1E+10	1	-1E+10	1	-1E+10	1
5903753	1	C	05/23/2012	21:43	201.940	22.671	0	7.53	0	24.3682	0	35.1335	0	23.635	0	7.483	0	212.12	0	101.6	0	-0.00	0	-1E+10	1	-1E+10	1	-1E+10	1	-1E+10	1	-1E+10	1
5903753	1	C	05/23/2012	21:43	201.940	22.671	0	6.00	0	24.3720	0	35.1340	0	23.634	0	5.962	0	-1e10	1	-1e10	1	-1e10	1	-1E+10	1	-1E+10	1	-1E+10	1	-1E+10	1	-1E+10	1
5903753	1	C	05/23/2012	21:43	201.940	22.671	0	4.40	0	24.3710	0	35.1340	0	23.634	0	4.372	0	-1e10	1	-1e10	1	-1e10	1	-1E+10	1	-1E+10	1	-1E+10	1	-1E+10	1	-1E+10	1
5903753	1	C	05/23/2012	21:43	201.940	22.671	0																										
5903753	2	C	05/24/2012	23:00	201.904	22.588	0	855.15	0	4.6700	0	34.4000	0	27.245	0	848.042	0	39.89	0	12.8	0	71.37	8	-1E+10	1	-1E+10	1	-1E+10	1	-1E+10	1	-1E+10	1
5903753	2	C	05/24/2012	23:00	201.904	22.588	0	845.74	0	4.6808	0	34.4146	0	27.255	0	838.729	0	39.62	0	12.7	0	72.31	8	-1E+10	1	-1E+10	1	-1E+10	1	-1E+10	1	-1E+10	1
5903753	2	C	05/24/2012	23:00	201.904	22.588	0	801.15	0	4.7915	0	34.3849	0	27.219	0	794.593	0	38.40	0	12.4	0	61.56	8	-1E+10	1	-1E+10	1	-1E+10	1	-1E+10	1	-1E+10	1
5903753	2	C	05/24/2012	23:00	201.904	22.588	0	746.42	0	5.0897	0	34.3216	0	27.134	0	740.408	0	36.59	0	11.9	0	-1e10	1	-1E+10	1	-1E+10	1	-1E+10	1	-1E+10	1	-1E+10	1
5903753	2	C	05/24/2012	23:00	201.904	22.588	0	696.53	0	5.2214	0	34.2481	0	27.060	0	691.002	0	36.10	0	11.7	0	-1e10	1	-1E+10	1	-1E+10	1	-1E+10	1	-1E+10	1	-1E+10	1
5903753	2	C	05/24/2012	23:00	201.904	22.588	0	649.83	0	5.5122	0	34.2007	0	26.988	0	644.745	0	43.24	0	14.2	0	-1e10	1	-1E+10	1	-1E+10	1	-1E+10	1	-1E+10	1	-1E+10	1
5903753	2	C	05/24/2012	23:00	201.904	22.588	0	600.56	0	5.9022	0	34.1053	0	26.865	0	595.931	0	59.43	0	19.6	0	-1e10	1	-1E+10	1	-1E+10	1	-1E+10	1	-1E+10	1	-1E+10	1
5903753	2	C	05/24/2012	23:00	201.904	22.588	0	545.46	0	6.6642	0	34.0774	0	26.744	0	541.328	0	81.46	0	27.4	0	-1e10	1	-1E+10	1	-1E+10	1	-1E+10	1	-1E+10	1	-1E+10	1
5903753	2	C	05/24/2012	23:00	201.904	22.588	0	493.64	0	7.4080	0	34.0900	0	26.652	0	489.961	0	94.45	0	32.3	0	-1e10	1	-1E+10	1	-1E+10	1	-1E+10	1	-1E+10	1	-1E+10	1
5903753	2	C	05/24/2012	23:00	201.904	22.588	0	450.95	0	8.3863	0	34.1180	0	26.531	0	447.635	0	113.55	0	39.7	0	-1e10	1	-1E+10	1	-1E+10	1	-1E+10	1	-1E+10	1	-1E+10	1
5903753	2	C	05/24/2012	23:00	201.904	22.588	0	400.94	0	9.5144	0	34.0920	0	26.332	0	398.041	0	168.03	0	60.2	0	-1e10	1	-1E+10	1	-1E+10	1	-1E+10	1	-1E+10	1	-1E+10	1
5903753	2	C	05/24/2012	23:00	201.904	22.588	0	380.20	0	10.1293	0	34.1181	0	26.249	0	377.470	0	181.45	0	65.8	0	-1e10	1	-1E+10	1	-1E+10	1	-1E+10	1	-1E+10	1	-1E+10	1
5903753	2	C	05/24/2012	23:00	201.904	22.588	0	360.21	0	10.6494	0	34.1178	0	26.159	0	357.641	0	191.33	0	70.2	0	-1e10	1	-1E+10	1	-1E+10	1	-1E+10	1	-1E+10	1	-1E+10	1
5903753	2	C	05/24/2012	23:00	201.904	22.588	0	351.03	0	10.8746	0	34.1407	0	26.137	0	348.534	0	193.62	0	71.4	0	-1e10	1	-1E+10	1	-1E+10	1	-1E+10	1	-1E+10	1	-1E+10	1
5903753	2	C	05/24/2012	23:00	201.904	22.588	0	339.30	0	11.0076	0	34.1432	0	26.115	0	336.897	0	195.71	0	72.4	0	-1e10	1	-1E+10	1	-1E+10	1	-1E+10	1	-1E+10	1	-1E+10	1
5903753	2	C	05/24/2012	23:00	201.904	22.588	0	329.78	0	11.3944	0	34.1459	0	26.047	0	327.452	0	195.72	0	73.0	0	-1e10	1	-1E+10	1	-1E+10	1	-1E+10	1	-1E+10	1	-1E+10	1
5903753	2	C	05/24/2012	23:00	201.904	22.588	0	315.62	0	11.6946	0	34.1703	0	26.010	0	313.402	0	198.09	0	74.3	0	-1e10	1	-1E+10	1	-1E+10	1	-1E+10	1	-1E+10	1	-1E+10	1
5903753	2	C	05/24/2012	23:00	201.904	22.588	0	302.95	0	12.1708	0	34.1930	0	25.938	0	300.831	0	198.84	0	75.4	0	-1e10	1	-1E+10	1	-1E+10	1	-1E+10	1	-1E+10	1	-1E+10	1
5903753	2	C	05/24/2012	23:00	201.904	22.588	0	294.93	0	12.5358	0	34.2065	0	25.878	0	292.872	0	198.55	0	75.8	0	-1e10	1	-1E+10	1	-1E+10	1	-1E+10	1	-1E+10	1	-1E+10	1
5903753	2	C	05/24/2012	23:00	201.904	22.588	0	287.11	0	12.7386	0	34.2256	0	25.853	0	285.112	0	199.31	0	76.5	0	-1e10	1	-1E+10	1	-1E+10	1	-1E+10	1	-1E+10	1	-1E+10	1
5903753	2	C	05/24/2012	23:00	201.904	22.588	0	279.12	0	13.1370	0	34.2463	0	25.790	0	277.183	0	199.22	0	77.1	0	-1e10	1	-1E+10	1	-1E+10	1	-1E+10	1	-1E+10	1	-1E+10	1
5903753	2	C	05/24/2012	23:00	201.904	22.588	0	271.21	0	13.5203	0	34.2844	0	25.742	0	269.333	0	199.44	0	77.8	0	-1e10	1	-1E+10	1	-1E+10	1	-1E+10	1	-1E+10	1	-1E+10	1
5903753	2	C	05/24/2012	23:00	201.904	22.588	0	261.02	0	14.2458	0	34.3544	0	25.645	0	259.220	0	198.93	0	78.7	0	-1e10	1	-1E+10	1	-1E+10	1	-1E+10	1	-1E+10	1	-1E+10	1
5903753	2	C	05/24/2012	23:00	201.904	22.588	0	246.15	0	15.5369	0	34.4630	0	25.448	0	244.461	0	196.39	0	79.8	0	-1e10	1	-1E+10	1	-1E+10	1	-1E+10	1	-1E+10	1	-1E+10	1
5903753	2	C	05/24/2012	23:00	201.904	22.588	0	232.85	0	16.7342	0	34.6311	0	25.304	0	231.260	0	194.58	0	81.0	0	15.65	8	-1E+10	1	-1E+10	1	-1E+10	1	-1E+10	1	-1E+10	1
5903753	2	C	05/24/2012	23:00	201.904	22.588	0	224.54	0	16.9980	0	34.6787	0	25.278	0	223.011	0	196.38	0	82.2	0	-1e10	1	-1E+10	1	-1E+10	1	-1E+10	1	-1E+10	1	-1E+10	1
5903753	2	C	05/24/2012	23:00	201.904	22.588	0	216.93	0	17.5135	0	34.7517	0	25.210	0	215.457	0	195.50	0	82.7	0	-1e10	1	-1E+10	1	-1E+10	1	-1E+10	1	-1E+10	1	-1E+10	1
5903753	2	C	05/24/2012	23:00	201.904	22.588	0	208.93	0	17.7289	0	34.7834	0	25.182	0	207.515	0	195.71	0	83.1	0	-1e10	1	-1E+10	1	-1E+10	1	-1E+10	1	-1E+10	1	-1E+10	1
5903753	2	C	05/24/2012	23:00	201.904	22.588	0	200.95	0	18.2902	0	34.8397	0	25.087	0	199.593	0	193.78	0	83.2	0	-1e10	1	-1E+10	1	-1E+10	1	-1E+10	1	-1E+10	1	-1E+10	1
5903753	2	C	05/24/2012	23:00	201.904	22.588	0	190.73	0	18.8513	0	34.9105	0	25.000	0	189.447	0	190.28	0	82.6	0	-1e10	1	-1E+10	1	-1E+10	1	-1E+10	1	-1E+10	1	-1E+10	1
5903753	2	C	05/24/2012	23:00	201.904	22.588	0	176.30	0	19.6026	0	34.9823	0	24.862	0	175.120	0	189.78	0	83.5	0	-1e10	1	-1E+10	1	-1E+10	1	-1E+10	1	-1E+10	1	-1E+10	1
5903753	2	C	05/24/2012	23:00	201.904	22.588	0	163.99	0	20.3971	0	35.0588	0	24.711	0	162.897	0	187.22	0	83.6	0	-1e10	1	-1E+10	1	-1E+10	1	-1E+10	1	-1E+10	1	-1E+10	1
5903753	2	C	05/24/2012	23:00	201.904	22.588	0	156.23	0	20.7805	0	35.1132	0	24.649	0	155.192	0	189.58	0	85.3	0	-1e10	1	-1E+10	1	-1E+10	1	-1E+10	1	-1E+10	1	-1E+10	1
5903753	2	C	05/24/2012	23:00	201.904	22.588	0	148.66	0	21.1476	0	35.1566	0	24.582	0	147.675	0	191.51	0	86.8	0	-1e10	1	-1E+10	1	-1E+10	1	-1E+10	1	-1E+10	1	-1E+10	1
5903753	2	C	05/24/2012	23:00	201.904	22.588	0	141.09	0	21.7559	0	35.2133	0	24.457	0	140.158	0	192.53	0	88.2	0	-1e10	1	-1E+10	1	-1E+10	1	-1E+10	1	-1E+10	1	-1E+10	1
5903753	2	C	05/24/2012	23:00	201.904	22.588	0	129.24	0	22.1194	0	35.2322	0	24.369	0	128.390	0	196.95	0	90.8	0	-1e10	1	-1E+10	1	-1E+10	1	-1E+10	1	-1E+10	1	-1E+10	1
5903753	2	C	05/24/2012	23:00	201.904	22.588	0	113.09	0	22.5211	0	35.2352	0	24.257	0	112.350	0	204.51	0	95.0	0	-1e10	1	-1E+10	1	-1E+10	1	-1E+10	1	-1E+10	1	-1E+10	1
5903753	2	C	05/24/2012	23:00	201.904	22.588	0	100.66	0	22.9585	0	35.2508	0	24.143	0	100.005	0	208.47	0	97.5	0	-1e10	1	-1E+10	1	-1E+10	1	-1E+10	1	-1E+10	1	-1E+10	1
5903753	2	C	05/24/2012	23:00	201.904	22.588	0	92.72	0	23.2306	0	35.2314	0	24.050	0	92.118	0	210.84	0	99.1	0	-1e10	1	-1E+10	1	-1E+10	1	-1E+10	1	-1E+10	1	-1E+10	1
5903753	2	C	05/24/2012	23:00	201.904	22.588	0	84.99	0	23.2603	0	35.1626	0	23.988	0	84.440	0	212.13	0	99.7	0	-1e10	1	-1E+10	1	-1E+10	1	-1E+10	1	-1E+10	1	-1E+10	1
5903753	2	C	05/24/2012	23:00	201.904	22.588	0	77.38	0	23.3896	0	35.1489	0	23.940	0	76.881	0	213.05	0	100.4	0	-1e10	1	-1E+10	1	-1E+10	1	-1E+10	1	-1E+10	1	-1E+10	1
5903753	2	C	05/24/2012	23:00	201.904	22.588	0	69.98	0	23.5345	0	35.1418	0	23.892	0	69.530	0	213.94	0	101.0	0	-1e10	1	-1E+10	1	-1E+10	1	-1E+10	1	-1E+10	1	-1E+10	1
5903753	2	C	05/24/2012	23:00	201.904	22.588	0	62.77	0	23.6604	0	35.1599	0	23.868	0	62.367	0	213.97	0	101.3	0	-1e10	1	-1E+10	1	-1E+10	1	-1E+10	1	-1E+10	1	-1E+10	1
5903753	2	C	05/24/2012	23:00	201.904	22.588	0	49.44	0	24.1097	0	35.1359	0	23.717	0	49.124	0	212.76	0	101.5	0	-1e10	1	-1E+10	1	-1E+10	1	-1E+10	1	-1E+10	1	-1E+10	1
5903753	2	C	05/24/2012	23:00	201.904	22.588	0	38.45	0	24.2164	0	35.1406	0	23.688	0	38.205	0	212.29	0	101.4	0	-1e10	1	-1E+10	1	-1E+10	1	-1E+10	1	-1E+10	1	-1E+10	1
5903753	2	C	05/24/2012	23:00	201.904	22.588	0	31.29	0	24.2460	0	35.1413	0	23.679	0	31.092	0	212.17	0	101.4	0	-1e10	1	-1E+10	1	-1E+10	1	-1E+10	1	-1E+10	1	-1E+10	1
5903753	2	C	05/24/2012	23:00	201.904	22.588	0	24.26	0	24.2757	0	35.1423	0	23.670	0	24.107	0	212.13	0	101.4	0	-1e10	1	-1E+10	1	-1E+10	1	-1E+10	1	-1E+10	1	-1E+10	1
5903753	2	C	05/24/2012	23:00	201.904	22.588	0	17.75	0	24.2936	0	35.1432	0	23.665	0	17.638	0	212.04	0	101.4	0	-1e10	1	-1E+10	1	-1E+10	1	-1E+10	1	-1E+10	1	-1E+10	1
5903753	2	C	05/24/2012	23:00	201.904	22.588	0	11.25	0	24.3001	0	35.1430	0	23.663	0	11.179	0	212.02	0	101.4	0	-1e10	1	-1E+10	1	-1E+10	1	-1E+10	1	-1E+10	1	-1E+10	1
5903753	2	C	05/24/2012	23:00	201.904	22.588	0	5.89	0	24.3122	0	35.1435	0	23.659	0	5.853	0	212.06	0	101.5	0	-1e10	1	-1E+10	1	-1E+10	1	-1E+10	1	-1E+10	1	-1E+10	1
5903753	2	C	05/24/2012	23:00	201.904	22.588	0																										
